0.00411622 -9.10469e-18
0.00672894 2.3058e-06
0.00825201 9.15326e-06
0.0112451 2.02829e-05
0.0118257 3.59534e-05
0.0221408 5.31098e-05
0.0286844 7.36057e-05
0.0289912 0.000100018
0.0340497 0.000126626
0.0372129 0.000157068
0.0717885 0.00014826
0.0821323 0.000162121
0.083311 0.000190626
0.0857288 0.000218068
0.0883235 0.000245838
0.0918255 0.000271169
0.124828 0.000186221
0.126362 0.000203786
0.153952 9.55584e-05
0.157859 8.54025e-05
0.161684 7.1742e-05
0.161739 7.87792e-05
0.165343 6.03176e-05
0.165623 6.37421e-05
0.183946 -8.90783e-05
0.196735 -0.000216306
0.197334 -0.000240166
0.199279 -0.000280343
0.200728 -0.000318673
0.20341 -0.000375741
0.207818 -0.000461475
0.215185 -0.00059811
0.229993 -0.000860413
0.240191 -0.00107654
0.247271 -0.00126093
0.250265 -0.00138958
0.253258 -0.00152644
0.255377 -0.00165495
0.258707 -0.00181498
0.260202 -0.00194562
0.261898 -0.00208681
0.262091 -0.00219939
0.271505 -0.00254059
0.275382 -0.00276412
0.283766 -0.00311674
0.286843 -0.00334704
0.307743 -0.00407387
0.311213 -0.00435406
0.314381 -0.0046375
0.32523 -0.00515472
0.327965 -0.00545537
0.328514 -0.00570021
0.341472 -0.00633743
0.343116 -0.00664437
0.344073 -0.00693828
0.344924 -0.00723657
0.34547 -0.007532
0.350023 -0.00797767
0.350747 -0.00829892
0.360251 -0.00895323
0.364226 -0.00942143
0.397561 -0.0109146
0.397735 -0.0112988
0.40056 -0.0117787
0.403508 -0.0122745
0.406335 -0.0127781
0.412068 -0.0133915
0.427043 -0.0143084
0.452303 -0.0154608
0.461985 -0.0161697
0.484062 -0.0170823
0.490489 -0.017697
0.501577 -0.018361
0.502635 -0.0189185
0.50384 -0.019487
0.519906 -0.02016
0.522151 -0.0207461
0.523793 -0.0213389
0.542583 -0.0219027
0.543763 -0.0225027
0.546227 -0.0231019
0.549683 -0.0236978
0.563525 -0.0241516
0.581335 -0.0244171
0.582619 -0.025024
0.582702 -0.0256715
0.584505 -0.0262798
0.594389 -0.0266292
0.59855 -0.0271465
0.604358 -0.0275883
0.61525 -0.0277684
0.617786 -0.028318
0.623902 -0.0286701
0.625121 -0.0292868
0.626895 -0.0298755
0.635028 -0.0300538
0.652209 -0.0294913
0.666472 -0.0289676
0.66806 -0.0294861
0.685069 -0.0284796
0.687336 -0.0288791
0.688684 -0.0293751
0.688891 -0.0300012
0.692676 -0.0302188
0.692877 -0.0308514
0.700018 -0.0306249
0.702799 -0.0309165
0.709135 -0.0307094
0.714091 -0.0306491
0.720963 -0.030264
0.72324 -0.0305375
0.723359 -0.0311459
0.738286 -0.0292913
0.739535 -0.0296651
0.743498 -0.0295467
0.745236 -0.0298131
0.747911 -0.0298934
0.755364 -0.0290104
0.766707 -0.0272329
0.773343 -0.0263291
0.773561 -0.0267865
0.779223 -0.0260095
0.787468 -0.024561
0.788971 -0.0246586
0.790346 -0.0247782
0.813366 -0.0192976
0.814463 -0.0193586
0.844289 -0.0114015
0.857307 -0.00783425
0.864183 -0.00593198
0.877198 -0.00208232
0.879118 -0.00152383
0.879533 -0.00141985
0.882264 -0.000566982
0.898197 0.00463791
0.899641 0.00519902
0.907542 0.00796138
0.922163 0.0131098
0.927265 0.0151025
0.928123 0.0156601
0.930932 0.0169274
0.932053 0.0176168
0.936723 0.0196284
0.938311 0.0205446
0.941923 0.0222486
0.943489 0.0232118
0.966871 0.0325769
0.967824 0.0334677
0.970396 0.0350052
0.973695 0.0368617
0.981716 0.0406251
0.984465 0.0423607
0.984833 0.043171
0.989999 0.0459508
0.994768 0.0486184
1.00549 0.0537636
1.00834 0.0557518
1.00879 0.056783
1.01779 0.0613858
1.02623 0.0657864
1.02867 0.0677783
1.03131 0.0698786
1.03592 0.0728318
1.03679 0.0742659
1.03994 0.0766815
1.05311 0.0832961
1.05736 0.0862425
1.06934 0.0923187
1.07371 0.0953676
1.08009 0.099225
1.0881 0.103709
1.08956 0.105722
1.10692 0.113593
1.11201 0.116953
1.13333 0.125536
1.13617 0.128124
1.13631 0.129917
1.1552 0.13708
1.15623 0.139206
1.16237 0.14267
1.1764 0.147893
1.18199 0.151051
1.20776 0.157482
1.20916 0.159743
1.2149 0.162562
1.21617 0.164828
1.21618 0.166964
1.21631 0.16913
1.21664 0.171338
1.21807 0.173692
1.22082 0.176205
1.22415 0.178777
1.2338 0.181838
1.24209 0.184571
1.24251 0.186882
1.25735 0.189429
1.26438 0.191605
1.28155 0.192841
1.29562 0.193489
1.29675 0.195663
1.31542 0.194542
1.32763 0.193897
1.33462 0.194245
1.33538 0.196323
1.33591 0.198478
1.33733 0.200364
1.34109 0.201487
1.34344 0.203029
1.34619 0.204405
1.35478 0.203513
1.35635 0.205211
1.36101 0.205602
1.36689 0.205335
1.36717 0.207519
1.36791 0.209497
1.36962 0.211021
1.37403 0.21119
1.40133 0.198303
1.40518 0.19809
1.41354 0.194824
1.4232 0.190287
1.43374 0.184642
1.44266 0.179744
1.46094 0.166624
1.46944 0.160987
1.49881 0.13525
1.50371 0.131836
1.50677 0.130132
1.51925 0.118573
1.52872 0.109675
1.53418 0.104836
1.53871 0.100859
1.54079 0.0995342
1.54707 0.0933247
1.55668 0.0829771
1.55935 0.0806166
1.56225 0.0779164
1.57087 0.0680877
1.57335 0.0656603
1.57608 0.0628652
1.58102 0.0571528
1.59082 0.0449794
1.59172 0.0442417
1.59193 0.0443875
1.5983 0.0362491
1.61048 0.0200345
1.61931 0.00809013
1.63171 -0.00904369
1.63203 -0.00957559
1.646 -0.0293312
1.64816 -0.0326577
1.65501 -0.0427357
1.65644 -0.0451662
1.66656 -0.0601651
1.6691 -0.0643892
1.67278 -0.0703239
1.67571 -0.0752367
1.67941 -0.0813539
1.68026 -0.0833408
1.68049 -0.0844244
1.69141 -0.101479
1.69403 -0.106285
1.70665 -0.125986
1.70732 -0.12808
1.73194 -0.16515
1.74495 -0.184951
1.75367 -0.198598
1.75392 -0.200633
1.76677 -0.219843
1.77234 -0.229128
1.77726 -0.23754
1.78857 -0.254159
1.79998 -0.270495
1.80029 -0.273091
1.80368 -0.279488
1.81868 -0.299537
1.8193 -0.302666
1.81976 -0.305643
1.8204 -0.308832
1.83054 -0.322811
1.83232 -0.327344
1.85598 -0.354367
1.8627 -0.363443
1.87286 -0.375251
1.8857 -0.388508
1.88855 -0.393649
1.90094 -0.405331
1.91469 -0.416681
1.91835 -0.421797
1.91892 -0.425268
1.92337 -0.430696
1.94471 -0.442426
1.94803 -0.446681
1.96112 -0.452936
1.96194 -0.456385
1.96641 -0.46035
1.96832 -0.463901
1.97047 -0.467448
1.97402 -0.471052
1.97816 -0.47456
1.98269 -0.477909
1.98357 -0.481241
1.98803 -0.484372
1.99217 -0.487351
1.99526 -0.490319
2.00298 -0.492293
2.02073 -0.490271
2.02249 -0.492891
2.0273 -0.494124
2.03252 -0.494905
2.03484 -0.496979
2.03883 -0.498039
2.04414 -0.498089
2.04472 -0.500966
2.04499 -0.504043
2.05845 -0.497616
2.05955 -0.499928
2.05977 -0.502937
2.06132 -0.504844
2.06698 -0.503145
2.06884 -0.504612
2.07663 -0.500299
2.08045 -0.499487
2.08473 -0.49799
2.08976 -0.495406
2.11596 -0.465053
2.1177 -0.465397
2.12012 -0.464702
2.12067 -0.466661
2.12376 -0.464813
2.12766 -0.461591
2.13572 -0.451471
2.13608 -0.453487
2.13734 -0.45401
2.14204 -0.448659
2.14215 -0.451016
2.17331 -0.395508
2.17389 -0.396556
2.17948 -0.387356
2.18066 -0.387042
2.18204 -0.386271
2.19308 -0.36458
2.19467 -0.363022
2.2026 -0.34705
2.20273 -0.348589
2.21624 -0.318576
2.21706 -0.31826
2.22623 -0.297357
2.22656 -0.298063
2.23802 -0.27035
2.24762 -0.246552
2.26042 -0.213342
2.26698 -0.19636
2.27044 -0.187713
2.27344 -0.180218
2.27832 -0.16724
2.29011 -0.13407
2.2904 -0.133868
2.29805 -0.112023
2.29939 -0.108571
2.30441 -0.0940772
2.30944 -0.0793619
2.33718 0.0049286
2.34087 0.0162915
2.34835 0.0395259
2.34998 0.044767
2.35185 0.0508076
2.35296 0.0545082
2.3537 0.0570852
2.3598 0.0765744
2.3732 0.119288
2.3877 0.165473
2.38871 0.169334
2.39859 0.201097
2.40234 0.213706
2.41479 0.253394
2.41737 0.262451
2.42381 0.283448
2.43005 0.30378
2.43088 0.30754
2.44106 0.339828
2.4589 0.394273
2.46005 0.399182
2.46791 0.423552
2.47146 0.435415
2.47402 0.444387
2.47416 0.446473
2.47781 0.458586
2.48244 0.473427
2.48573 0.484413
2.49373 0.50838
2.49481 0.513164
2.49573 0.517554
2.50846 0.55359
2.52476 0.597163
2.52727 0.605406
2.52794 0.60915
2.53423 0.626478
2.53535 0.631281
2.54506 0.65607
2.55125 0.67218
2.55186 0.675729
2.55864 0.692704
2.56273 0.703591
2.56702 0.714709
2.56944 0.721872
2.57208 0.729411
2.58042 0.74786
2.58642 0.761229
2.58674 0.764092
2.59337 0.778102
2.59586 0.784647
2.60174 0.796658
2.60596 0.805656
2.60823 0.811442
2.61467 0.823286
2.61894 0.83159
2.62879 0.846726
2.63129 0.852058
2.63457 0.858173
2.64143 0.867973
2.64176 0.870571
2.65317 0.88369
2.65453 0.887094
2.65704 0.891379
2.65788 0.894244
2.65838 0.896809
2.66016 0.900339
2.66587 0.906551
2.6668 0.909277
2.67085 0.91389
2.67975 0.920554
2.68417 0.924402
2.6918 0.928768
2.69339 0.93114
2.69348 0.933139
2.69427 0.93526
2.71441 0.937809
2.72033 0.938579
2.74526 0.929134
2.76024 0.919097
2.76865 0.912546
2.77253 0.910035
2.77475 0.909187
2.78076 0.903547
2.78464 0.900138
2.78682 0.898773
2.79785 0.884233
2.80637 0.871935
2.80737 0.871703
2.81436 0.860788
2.84143 0.807322
2.84231 0.806609
2.84467 0.802487
2.8488 0.794145
2.85985 0.768477
2.86161 0.765144
2.86769 0.750544
2.86907 0.747953
2.8704 0.745431
2.89738 0.669777
2.91763 0.607265
2.92263 0.59165
2.92479 0.585222
2.93776 0.541853
2.94659 0.511522
2.96093 0.460309
2.96222 0.456056
2.9704 0.426106
2.97082 0.424955
2.97157 0.422538
2.97229 0.420217
2.97874 0.396078
2.98694 0.364791
3.00252 0.303827
3.00522 0.293334
3.01168 0.267655
3.02448 0.215987
3.04106 0.148046
3.05306 0.0984615
3.0563 0.0850446
3.06695 0.0407684
3.07225 0.018684
3.07313 0.0150517
3.07623 0.00211594
3.08949 -0.0531223
3.0946 -0.0743953
3.09514 -0.0766654
3.10518 -0.118267
3.10754 -0.128052
3.1091 -0.134548
3.12368 -0.194293
3.12998 -0.219903
3.13028 -0.221173
3.14309 -0.272551
3.14506 -0.28042
3.15645 -0.325174
3.19599 -0.473163
3.20555 -0.506909
3.20664 -0.510703
3.2165 -0.544377
3.22871 -0.584608
3.2307 -0.590971
3.23991 -0.619919
3.24392 -0.632163
3.24423 -0.633009
3.24457 -0.633905
3.25767 -0.672421
3.25974 -0.678141
3.26856 -0.702442
3.27546 -0.720629
3.27988 -0.731816
3.2805 -0.73313
3.28236 -0.737513
3.28533 -0.744587
3.29136 -0.758894
3.30062 -0.779926
3.30118 -0.780762
3.31141 -0.802353
3.31548 -0.810155
3.32153 -0.8215
3.32207 -0.821981
3.3227 -0.82258
3.32904 -0.833629
3.33528 -0.843827
3.33826 -0.848075
3.33852 -0.847784
3.34032 -0.849943
3.34146 -0.850989
3.34396 -0.854077
3.34821 -0.859608
3.35116 -0.862977
3.35826 -0.871671
3.37014 -0.884862
3.37126 -0.885088
3.38344 -0.895781
3.39237 -0.901668
3.39274 -0.900842
3.4002 -0.904394
3.41605 -0.909905
3.41689 -0.908949
3.41867 -0.908181
3.41985 -0.907204
3.42102 -0.906173
3.4226 -0.905155
3.42442 -0.904098
3.42602 -0.902932
3.42993 -0.901822
3.43475 -0.900378
3.4445 -0.897634
3.4483 -0.895217
3.45826 -0.890044
3.46083 -0.887306
3.46099 -0.885694
3.46318 -0.883
3.48722 -0.863586
3.49125 -0.85808
3.49558 -0.851965
3.50626 -0.8379
3.5069 -0.835484
3.50812 -0.832295
3.51318 -0.823978
3.5214 -0.810652
3.52901 -0.797242
3.53267 -0.78963
3.53311 -0.787229
3.53548 -0.781569
3.54102 -0.770295
3.5462 -0.759242
3.54671 -0.75659
3.56499 -0.718761
3.5732 -0.699395
3.57418 -0.695582
3.57673 -0.688224
3.58098 -0.676898
3.59421 -0.64373
3.60916 -0.603975
3.62751 -0.55212
3.62852 -0.547835
3.63853 -0.517451
3.65286 -0.472957
3.65379 -0.468848
3.65455 -0.465249
3.65774 -0.454122
3.6618 -0.440254
3.66905 -0.416189
3.67 -0.412004
3.67529 -0.393949
3.67834 -0.382984
3.68209 -0.36976
3.68381 -0.363085
3.68499 -0.358169
3.69174 -0.335081
3.70186 -0.300556
3.71055 -0.270462
3.71953 -0.239134
3.72303 -0.2264
3.72736 -0.210869
3.73099 -0.197718
3.73525 -0.182454
3.7406 -0.163407
3.74952 -0.132033
3.75416 -0.115503
3.77161 -0.0543717
3.78346 -0.012802
3.79968 0.0438361
3.80759 0.0711526
3.81711 0.103821
3.81808 0.106775
3.82173 0.118863
3.82346 0.124337
3.82389 0.125342
3.82493 0.12836
3.82942 0.142965
3.83346 0.155908
3.84338 0.18808
3.84495 0.192506
3.85551 0.226012
3.86677 0.26101
3.86836 0.265004
3.86939 0.267157
3.8741 0.280703
3.87431 0.280221
3.87515 0.281638
3.87584 0.282572
3.881 0.297004
3.88168 0.297772
3.88847 0.316635
3.894 0.331431
3.89476 0.33218
3.8974 0.3383
3.89891 0.341101
3.89906 0.340032
3.90174 0.346013
3.90799 0.361721
3.90874 0.362116
3.91093 0.366394
3.92152 0.392792
3.92757 0.406597
3.92904 0.40845
3.93312 0.416756
3.9343 0.417718
3.9366 0.421363
3.95901 0.471975
3.96902 0.491747
3.97102 0.493624
3.98685 0.523675
3.98934 0.525943
3.99202 0.528478
3.99551 0.532386
4.00535 0.547506
4.01422 0.559867
4.03931 0.595336
4.03989 0.593057
4.07864 0.635048
4.08334 0.636009
4.08355 0.632821
4.09239 0.636743
4.09807 0.637506
4.10998 0.641583
4.12712 0.64598
4.12873 0.643002
4.1422 0.642945
4.15418 0.640696
4.15565 0.637158
4.15788 0.633593
4.16481 0.629712
4.16574 0.626037
4.1736 0.621377
4.19504 0.611392
4.20456 0.603382
4.20673 0.598701
4.20838 0.594268
4.21183 0.58877
4.22236 0.578512
4.22951 0.569823
4.23541 0.561704
4.2375 0.556551
4.23887 0.55199
4.24243 0.545528
4.24249 0.542086
4.2438 0.537562
4.24471 0.533379
4.25256 0.522832
4.26376 0.508336
4.27247 0.495664
4.29416 0.466264
4.29606 0.460767
4.30339 0.448017
4.31224 0.432804
4.3199 0.418912
4.32737 0.405017
4.32782 0.401632
4.32789 0.398817
4.33158 0.390584
4.33781 0.37843
4.33825 0.375156
4.34098 0.368379
4.35167 0.349029
4.35446 0.342137
4.3547 0.339349
4.35888 0.33027
4.36349 0.320478
4.37749 0.294998
4.38435 0.281227
4.39224 0.265604
4.39512 0.258677
4.40506 0.239382
4.41324 0.223084
4.41436 0.219442
4.42006 0.207648
4.43217 0.184318
4.43337 0.180757
4.43428 0.177759
4.43597 0.173379
4.46522 0.118973
4.47717 0.0960129
4.4839 0.0828701
4.50709 0.0393805
4.54535 -0.0313833
4.54555 -0.0315093
4.55536 -0.0489269
4.55734 -0.0520446
4.5669 -0.0684369
4.57297 -0.0784122
4.57839 -0.0870355
4.59105 -0.107557
4.59782 -0.117793
4.60452 -0.127626
4.61011 -0.135413
4.61051 -0.134924
4.61164 -0.135534
4.61279 -0.136164
4.61652 -0.140657
4.6296 -0.158731
4.6319 -0.160673
4.64 -0.170705
4.64703 -0.178865
4.64819 -0.178867
4.66689 -0.201529
4.68814 -0.225364
4.69108 -0.226741
4.70709 -0.242172
4.71074 -0.243789
4.71265 -0.243545
4.71613 -0.244801
4.72307 -0.249224
4.73348 -0.256379
4.73827 -0.258155
4.74098 -0.25805
4.7424 -0.256826
4.74864 -0.259364
4.75014 -0.258091
4.75764 -0.26116
4.76504 -0.263784
4.76795 -0.263196
4.77112 -0.262694
4.77543 -0.262803
4.77643 -0.260867
4.77704 -0.258704
4.77944 -0.257549
4.78516 -0.258124
4.78717 -0.256629
4.79418 -0.257521
4.79603 -0.255825
4.79628 -0.253387
4.7977 -0.251479
4.80347 -0.25138
4.80502 -0.249459
4.81323 -0.249973
4.82778 -0.251975
4.83717 -0.251755
4.83853 -0.24946
4.84314 -0.247825
4.84406 -0.245418
4.84416 -0.242866
4.84573 -0.240592
4.85123 -0.238942
4.85689 -0.237168
4.85747 -0.234702
4.86385 -0.232837
4.8742 -0.230992
4.87633 -0.228562
4.87666 -0.226077
4.88402 -0.223697
4.88687 -0.221207
4.88744 -0.218747
4.8891 -0.216278
4.90682 -0.212794
4.91653 -0.20928
4.91901 -0.20657
4.91999 -0.204082
4.92016 -0.201726
4.94155 -0.195471
4.94341 -0.192796
4.95407 -0.187933
4.95625 -0.18516
4.9684 -0.179479
4.97078 -0.176627
4.98165 -0.170956
4.98782 -0.166739
4.99315 -0.162788
4.99406 -0.160491
4.99411 -0.158532
4.99536 -0.156147
4.99748 -0.153462
5.00678 -0.148041
5.03982 -0.13185
5.0488 -0.125867
5.05964 -0.118852
5.06585 -0.11416
5.06968 -0.110734
5.0816 -0.103004
5.08297 -0.100957
5.08689 -0.0975688
5.10625 -0.0856529
5.11272 -0.0808863
5.11274 -0.0798287
5.11485 -0.077605
5.13292 -0.0663729
5.13961 -0.0616534
5.14169 -0.059644
5.14455 -0.0572219
5.14764 -0.0547135
5.15018 -0.0525524
5.15528 -0.0490113
5.15853 -0.046549
5.16658 -0.0414842
5.18351 -0.0315533
5.20431 -0.0195279
5.20928 -0.0164892
5.22168 -0.00942808
5.24063 0.00107757
5.25547 0.0090843
5.27116 0.0172924
5.2954 0.029615
5.30687 0.0349585
5.30807 0.0350473
5.31046 0.0356944
5.32118 0.0402449
5.32562 0.0417024
5.33296 0.0443909
5.34196 0.0476694
5.34962 0.0502083
5.35291 0.0508129
5.35362 0.0503302
5.35582 0.0504402
5.36922 0.0548241
5.37275 0.05529
5.37723 0.0560541
5.39971 0.0628745
5.40915 0.0649072
5.41325 0.0651442
5.41369 0.064244
5.42082 0.0652912
5.42126 0.0643668
5.42222 0.0635962
5.43007 0.0646576
5.43384 0.0645653
5.43411 0.0635739
5.44088 0.0641553
5.45191 0.065593
5.45756 0.0657034
5.45759 0.0646035
5.46358 0.0647066
5.46583 0.0640345
5.47018 0.0637391
5.47166 0.0629026
5.47665 0.062665
5.48329 0.0626456
5.48833 0.0623129
5.49593 0.062295
5.50418 0.062271
5.50774 0.0615898
5.50812 0.0605217
5.50894 0.0595148
5.50949 0.0584862
5.51056 0.0575247
5.51396 0.0568145
5.52467 0.0567847
5.52503 0.0557476
5.54072 0.0559351
5.54409 0.0550973
5.56068 0.0549876
5.57803 0.0546095
5.58265 0.0536734
5.58272 0.0526187
5.58699 0.0516735
5.58814 0.0506643
5.58892 0.049659
5.59543 0.0487501
5.59686 0.0477699
5.5975 0.0467924
5.59933 0.0458372
5.60783 0.044917
5.60784 0.0439692
5.60892 0.0430346
5.61212 0.0421084
5.6182 0.0411708
5.62101 0.0402516
5.6229 0.039349
5.62578 0.0384455
5.62584 0.0375845
5.62775 0.0367134
5.63483 0.0357754
5.63862 0.0348869
5.65739 0.033627
5.66406 0.0326325
5.66509 0.031828
5.67102 0.0308689
5.67298 0.0300568
5.68678 0.0287964
5.69684 0.0276516
5.70623 0.026523
5.71991 0.0251555
5.72212 0.0244007
5.73715 0.0229361
5.74844 0.021669
5.74952 0.0210372
5.76199 0.0197159
5.7782 0.0181401
5.77885 0.0176081
5.78684 0.0166064
5.7915 0.0158438
5.80346 0.0146154
5.80794 0.0139066
5.81355 0.0131428
5.8136 0.0127591
5.82093 0.0119239
5.83582 0.0106268
5.85178 0.00928175
5.8518 0.00899763
5.85226 0.00869181
5.85462 0.00827863
5.85529 0.00797769
5.86536 0.00714603
5.88193 0.00597172
5.88507 0.00559864
5.88738 0.0052853
5.88819 0.00506277
5.91164 0.00367403
5.91419 0.00341549
5.91431 0.00328818
5.92234 0.00278761
5.94808 0.00149076
5.95295 0.00121567
5.95544 0.00106106
5.95589 0.00100126
5.9605 0.000777087
5.97306 0.000261305
5.98046 -2.30838e-05
5.98398 -0.00014706
5.98657 -0.000228714
5.98691 -0.000229846
5.98805 -0.000254871
5.9922 -0.000366056
5.99414 -0.000404043
5.99595 -0.000433507
5.99871 -0.000483028
6.00489 -0.000608725
6.00854 -0.000661678
6.02821 -0.00105097
6.03206 -0.00107299
6.04265 -0.00121494
6.04267 -0.00114775
6.04608 -0.0011389
6.05147 -0.00115583
6.05682 -0.00116364
6.06312 -0.00117608
6.06389 -0.00111016
6.0654 -0.00105413
6.07568 -0.00109261
6.10445 -0.00129076
6.11032 -0.00124579
6.11681 -0.001201
6.11867 -0.00111909
6.1262 -0.00107472
6.13057 -0.00100742
6.13653 -0.000947578
6.13804 -0.000865812
6.13844 -0.000782613
6.14574 -0.000728277
6.16324 -0.000702641
6.16685 -0.000631377
6.19842 -0.000619768
6.19997 -0.000542181
6.2105 -0.00048149
6.21186 -0.000411612
6.22546 -0.000357621
6.22701 -0.000296515
6.24183 -0.000247673
6.24789 -0.000197848
6.24792 -0.000151451
6.24931 -0.000111522
6.25275 -7.789e-05
6.26272 -5.06249e-05
6.26778 -2.86756e-05
6.27191 -1.28125e-05
6.27635 -3.22023e-06
6.27775 1.25727e-17
