-6.26876 3.56679
-6.23065 3.75856
-6.19688 3.92861
-6.1869 3.97891
-6.18074 4.00992
-6.17971 4.01508
-6.17222 4.05282
-6.15686 4.1301
-6.13513 4.23933
-6.13395 4.24524
-6.11188 4.35601
-6.07439 4.54353
-6.04469 4.69143
-6.04228 4.70341
-6.02877 4.77043
-6.01116 4.85749
-6.01085 4.85902
-6.00633 4.88134
-6.00345 4.89556
-5.99072 4.95823
-5.99027 4.96044
-5.93928 5.20947
-5.93351 5.23743
-5.90753 5.36276
-5.87885 5.49993
-5.87502 5.51816
-5.87045 5.53986
-5.86246 5.57773
-5.84595 5.65563
-5.81583 5.79639
-5.80523 5.84551
-5.79159 5.90839
-5.78772 5.92617
-5.78476 5.93974
-5.74927 6.10095
-5.73925 6.14599
-5.73187 6.17899
-5.72234 6.2214
-5.71045 6.274
-5.70861 6.28211
-5.70196 6.31137
-5.69489 6.34237
-5.69352 6.34834
-5.6899 6.36413
-5.68875 6.36916
-5.6845 6.38765
-5.68184 6.39921
-5.67084 6.44676
-5.64286 6.56631
-5.63306 6.60772
-5.62155 6.65593
-5.61376 6.68837
-5.60326 6.73183
-5.59162 6.77959
-5.56757 6.87704
-5.54023 6.98566
-5.50462 7.12354
-5.50106 7.13709
-5.49735 7.15115
-5.48394 7.20169
-5.47242 7.24458
-5.45492 7.30886
-5.44782 7.33464
-5.43364 7.38557
-5.42947 7.40042
-5.42816 7.40508
-5.39368 7.52524
-5.36126 7.63414
-5.34333 7.69264
-5.3431 7.69341
-5.33972 7.70427
-5.33496 7.71954
-5.33345 7.72437
-5.32673 7.74571
-5.32444 7.75292
-5.32101 7.76373
-5.30542 7.81219
-5.28985 7.8596
-5.2782 7.89444
-5.27437 7.90578
-5.2431 7.99602
-5.23573 8.01669
-5.21838 8.06442
-5.21051 8.08567
-5.21004 8.08692
-5.20749 8.09375
-5.19591 8.12434
-5.18561 8.15106
-5.18413 8.15489
-5.17874 8.16864
-5.17444 8.17953
-5.16748 8.19699
-5.15025 8.23929
-5.13439 8.27703
-5.12273 8.30407
-5.11475 8.32222
-5.10956 8.33388
-5.08161 8.39447
-5.02686 8.50265
-5.00342 8.54463
-4.99547 8.55827
-4.98485 8.57602
-4.98346 8.57831
-4.94754 8.63409
-4.92768 8.66222
-4.90594 8.69081
-4.87866 8.72337
-4.8764 8.72591
-4.87429 8.72825
-4.86624 8.73699
-4.8401 8.7631
-4.82594 8.77583
-4.82488 8.77674
-4.81766 8.7828
-4.81107 8.78811
-4.80063 8.79606
-4.75003 8.82681
-4.72794 8.83616
-4.70319 8.8437
-4.69095 8.84628
-4.68808 8.84677
-4.67233 8.84873
-4.66937 8.84896
-4.61559 8.84532
-4.61407 8.845
-4.61003 8.8441
-4.60991 8.84407
-4.60364 8.84251
-4.60256 8.84222
-4.5948 8.83996
-4.58712 8.83743
-4.5761 8.83326
-4.54943 8.82065
-4.52336 8.80482
-4.48518 8.77546
-4.47712 8.76833
-4.46339 8.75542
-4.44681 8.73858
-4.44604 8.73777
-4.43085 8.72109
-4.42559 8.71503
-4.42224 8.71111
-4.40937 8.69552
-4.40496 8.69
-4.40187 8.68607
-4.39613 8.67865
-4.38301 8.66105
-4.35893 8.6266
-4.35845 8.62588
-4.35261 8.61708
-4.34828 8.61044
-4.34039 8.59813
-4.33165 8.58414
-4.32522 8.5736
-4.32314 8.57016
-4.31274 8.55259
-4.30709 8.54284
-4.28177 8.49725
-4.27653 8.48743
-4.27547 8.48544
-4.27387 8.4824
-4.26639 8.46806
-4.22086 8.3752
-4.21145 8.3548
-4.18962 8.30593
-4.18897 8.30445
-4.16261 8.24247
-4.14363 8.19593
-4.12335 8.14443
-4.11341 8.11852
-4.1061 8.0992
-4.10317 8.09139
-4.09814 8.07789
-4.08503 8.04223
-4.06049 7.97346
-4.05886 7.96879
-4.03036 7.88558
-4.02412 7.86693
-4.02091 7.85725
-4.01565 7.84132
-4.00531 7.80968
-4.00315 7.80302
-4.00229 7.80039
-4.0012 7.79701
-3.98457 7.74493
-3.97706 7.72107
-3.96216 7.67306
-3.95028 7.63414
-3.94661 7.62203
-3.94457 7.61527
-3.92255 7.54122
-3.91175 7.50427
-3.91008 7.49849
-3.89917 7.46064
-3.89473 7.4451
-3.88639 7.41575
-3.88012 7.3935
-3.87589 7.37839
-3.83654 7.23502
-3.81564 7.15665
-3.81456 7.15258
-3.80513 7.11669
-3.77663 7.00651
-3.76428 6.95794
-3.75226 6.91021
-3.72232 6.78939
-3.71797 6.77163
-3.71466 6.75807
-3.69466 6.67541
-3.67046 6.57385
-3.66028 6.53066
-3.61712 6.34442
-3.60905 6.30903
-3.5862 6.20807
-3.58189 6.18885
-3.57726 6.16823
-3.56919 6.13209
-3.55359 6.06179
-3.54738 6.03365
-3.46826 5.66814
-3.46221 5.6397
-3.46192 5.63834
-3.42504 5.46348
-3.40395 5.36251
-3.39643 5.32632
-3.37155 5.20603
-3.37102 5.20344
-3.3693 5.19508
-3.3477 5.0899
-3.3395 5.04981
-3.26931 4.70367
-3.24835 4.59938
-3.23712 4.54338
-3.23147 4.51517
-3.22569 4.48631
-3.22202 4.46794
-3.19665 4.34092
-3.17986 4.25663
-3.11892 3.9501
-3.11738 3.94233
-3.11565 3.93363
-3.10106 3.86011
-3.09582 3.83375
-3.06136 3.66024
-3.06094 3.65811
-3.05027 3.60442
-2.98975 3.30072
-2.97656 3.23477
-2.97446 3.2243
-2.96837 3.19389
-2.96442 3.17417
-2.96338 3.16899
-2.95468 3.12567
-2.93874 3.04637
-2.92621 2.98421
-2.92224 2.96452
-2.91942 2.95057
-2.90661 2.88721
-2.8919 2.8147
-2.84356 2.57816
-2.83032 2.51387
-2.8286 2.50553
-2.82461 2.48619
-2.82283 2.4776
-2.81789 2.45371
-2.81264 2.42838
-2.80091 2.37196
-2.8008 2.37141
-2.77522 2.24907
-2.75366 2.1468
-2.74691 2.11497
-2.74241 2.09375
-2.7398 2.08148
-2.73321 2.05054
-2.73305 2.04978
-2.70443 1.91641
-2.70284 1.90908
-2.68714 1.83662
-2.68422 1.82322
-2.68145 1.81049
-2.6677 1.74768
-2.66137 1.71888
-2.65416 1.68619
-2.64873 1.66164
-2.64052 1.62465
-2.63077 1.58097
-2.62274 1.54512
-2.60966 1.48707
-2.60823 1.48075
-2.6034 1.45942
-2.55694 1.25746
-2.54355 1.20029
-2.53713 1.17306
-2.52979 1.14209
-2.51738 1.09003
-2.5158 1.08341
-2.51397 1.07579
-2.50251 1.02819
-2.48674 0.96338
-2.47944 0.9336
-2.47629 0.920821
-2.4342 0.752762
-2.43276 0.747143
-2.43135 0.741616
-2.42419 0.71364
-2.4192 0.694259
-2.38359 0.558256
-2.36489 0.488546
-2.35569 0.454701
-2.3496 0.432454
-2.34581 0.418654
-2.33177 0.368076
-2.30026 0.257108
-2.29284 0.231512
-2.27065 0.156168
-2.26068 0.122938
-2.25836 0.115254
-2.25282 0.0969872
-2.21734 -0.0170836
-2.18686 -0.111076
-2.167 -0.170294
-2.13937 -0.249985
-2.13077 -0.274131
-2.11543 -0.316398
-2.08775 -0.390144
-2.07874 -0.41342
-2.07745 -0.416742
-2.07188 -0.430925
-2.06015 -0.460349
-1.99398 -0.614792
-1.98509 -0.634037
-1.97381 -0.657905
-1.97254 -0.660553
-1.91673 -0.769629
-1.91046 -0.780975
-1.90582 -0.789231
-1.89799 -0.802957
-1.8804 -0.832706
-1.87294 -0.844868
-1.83057 -0.908872
-1.82987 -0.909846
-1.82692 -0.913975
-1.82528 -0.91624
-1.81763 -0.926665
-1.80415 -0.944332
-1.79979 -0.949852
-1.79081 -0.960928
-1.7861 -0.966577
-1.76853 -0.986686
-1.76752 -0.987796
-1.75944 -0.996494
-1.75901 -0.996947
-1.74668 -1.00956
-1.72772 -1.02747
-1.72152 -1.03293
-1.71938 -1.03477
-1.71656 -1.03716
-1.71624 -1.03744
-1.69296 -1.05561
-1.68066 -1.06411
-1.66432 -1.07423
-1.619 -1.0952
-1.61482 -1.0966
-1.60128 -1.10056
-1.59831 -1.1013
-1.59476 -1.10213
-1.5792 -1.105
-1.55871 -1.1069
-1.55479 -1.10702
-1.55116 -1.10706
-1.53536 -1.10646
-1.51703 -1.10417
-1.50412 -1.10153
-1.49261 -1.09846
-1.48064 -1.09455
-1.48021 -1.09439
-1.47806 -1.09361
-1.47 -1.09046
-1.46688 -1.08915
-1.45012 -1.08129
-1.44299 -1.07751
-1.42559 -1.06721
-1.40363 -1.05202
-1.39757 -1.04741
-1.37262 -1.02644
-1.36539 -1.01978
-1.33411 -0.987965
-1.30458 -0.953466
-1.30083 -0.948769
-1.29488 -0.941179
-1.29167 -0.937025
-1.27727 -0.917718
-1.27291 -0.911672
-1.24414 -0.869454
-1.23057 -0.848134
-1.22385 -0.83726
-1.22279 -0.835516
-1.20598 -0.807251
-1.1903 -0.779685
-1.17021 -0.742627
-1.16869 -0.739745
-1.15398 -0.711309
-1.1538 -0.710957
-1.14583 -0.695108
-1.12166 -0.64525
-1.07968 -0.55226
-1.07799 -0.548362
-1.06359 -0.514503
-1.03877 -0.453983
-1.02898 -0.429361
-1.02767 -0.426018
-0.962834 -0.252022
-0.945492 -0.202442
-0.943989 -0.198086
-0.939635 -0.185414
-0.936506 -0.176257
-0.934447 -0.170212
-0.912977 -0.106116
-0.902169 -0.0731388
-0.871813 0.0219944
-0.858573 0.0646273
-0.833769 0.146333
-0.823573 0.180602
-0.810324 0.22572
-0.795663 0.276408
-0.768275 0.37321
-0.760514 0.40113
-0.757285 0.412809
-0.737558 0.484968
-0.733463 0.500113
-0.719144 0.553539
-0.700372 0.624626
-0.686619 0.677454
-0.68148 0.697351
-0.678274 0.709811
-0.659614 0.782972
-0.653238 0.808225
-0.641364 0.855594
-0.636831 0.873793
-0.63652 0.875043
-0.636457 0.875296
-0.611763 0.975558
-0.596243 1.0395
-0.571091 1.1446
-0.569895 1.14964
-0.568332 1.15624
-0.560576 1.18907
-0.556033 1.20837
-0.537132 1.28929
-0.534939 1.29874
-0.530001 1.32007
-0.457417 1.64061
-0.456961 1.64266
-0.447214 1.68667
-0.446523 1.6898
-0.446161 1.69144
-0.439062 1.72364
-0.410107 1.85612
-0.402507 1.89118
-0.386044 1.96753
-0.379922 1.99606
-0.355291 2.11156
-0.344357 2.16318
-0.334814 2.20841
-0.33218 2.22092
-0.330842 2.22728
-0.294553 2.40088
-0.291775 2.41425
-0.289665 2.42442
-0.287932 2.43278
-0.273624 2.50191
-0.256513 2.58498
-0.251343 2.61015
-0.244946 2.64135
-0.237142 2.67947
-0.228577 2.72141
-0.220328 2.76187
-0.217793 2.77432
-0.214405 2.79097
-0.175844 2.98135
-0.153066 3.09445
-0.147268 3.12332
-0.109746 3.31066
-0.0569074 3.57578
-0.0526761 3.59706
-0.0415314 3.65312
-0.0342688 3.68968
-0.0276745 3.72287
-0.0174429 3.77439
0.00119741 3.86827
0.0165956 3.94583
0.0274836 4.00066
0.0376436 4.05181
0.0410069 4.06874
0.0507008 4.11751
0.0573442 4.15093
0.0631384 4.18006
0.08028 4.26619
0.0906143 4.31805
0.0982861 4.35652
0.131733 4.52388
0.135947 4.54491
0.173499 4.73179
0.180301 4.76551
0.210504 4.91473
0.235577 5.03786
0.284587 5.27631
0.295813 5.33046
0.34665 5.57324
0.355742 5.6162
0.38545 5.75553
0.38755 5.76532
0.395695 5.80319
0.401021 5.82789
0.404055 5.84193
0.407468 5.8577
0.438473 5.9999
0.442469 6.01808
0.450418 6.05413
0.454817 6.07402
0.472903 6.15534
0.498038 6.26708
0.523821 6.38009
0.526871 6.39335
0.58042 6.62207
0.59057 6.66454
0.597033 6.69142
0.604202 6.7211
0.619384 6.78346
0.627456 6.81634
0.62946 6.82447
0.640124 6.86754
0.655245 6.92801
0.668137 6.979
0.672237 6.99511
0.672519 6.99621
0.679574 7.02379
0.721593 7.18469
0.73129 7.22098
0.73824 7.24679
0.750594 7.29227
0.769688 7.36149
0.773508 7.37518
0.792452 7.44232
0.799869 7.46824
0.804837 7.4855
0.807271 7.49391
0.811122 7.50719
0.843531 7.61672
0.853383 7.64922
0.870291 7.70412
0.873919 7.71576
0.914436 7.84214
0.916847 7.84945
0.932152 7.89532
0.941918 7.92408
0.949396 7.94583
0.950443 7.94886
0.995485 8.07473
1.01935 8.1379
1.02506 8.15265
1.03245 8.17152
1.06319 8.24742
1.06893 8.26114
1.07623 8.27835
1.08135 8.29029
1.08573 8.30041
1.09091 8.31226
1.09536 8.32233
1.10028 8.33337
1.1269 8.39119
1.15975 8.45803
1.16526 8.46875
1.16884 8.47563
1.17025 8.47832
1.17135 8.48043
1.18728 8.51013
1.19603 8.52595
1.21695 8.56226
1.22859 8.58156
1.23647 8.59426
1.24033 8.60036
1.24588 8.60902
1.25615 8.62465
1.28404 8.66449
1.28469 8.66536
1.29146 8.67445
1.31044 8.69868
1.3182 8.70807
1.34872 8.74214
1.35153 8.74504
1.35347 8.74702
1.36311 8.75659
1.37546 8.76816
1.38937 8.78029
1.39653 8.78615
1.42524 8.80706
1.46734 8.83018
1.47226 8.83229
1.52077 8.84657
1.54294 8.8491
1.55444 8.84943
1.5591 8.84937
1.56655 8.84905
1.59783 8.8446
1.61018 8.84147
1.61518 8.83999
1.62252 8.83757
1.62332 8.83729
1.62906 8.83519
1.63058 8.83461
1.63778 8.83168
1.64582 8.8281
1.65474 8.82374
1.66131 8.82028
1.66233 8.81972
1.67693 8.81116
1.67695 8.81114
1.68398 8.80664
1.69067 8.80211
1.70109 8.79462
1.70624 8.79072
1.71612 8.78285
1.71717 8.78198
1.71848 8.7809
1.7807 8.71938
1.7857 8.71361
1.79295 8.705
1.80251 8.69326
1.83587 8.64877
1.8406 8.64201
1.86142 8.611
1.86845 8.60005
1.90386 8.54129
1.91307 8.52502
1.93097 8.49224
1.93371 8.4871
1.94566 8.46422
1.95007 8.45559
1.9594 8.43709
1.96403 8.42773
1.98559 8.3829
1.98806 8.37763
2.00388 8.3432
2.03457 8.27314
2.05566 8.22253
2.0558 8.22218
2.07298 8.17948
2.07591 8.17208
2.09579 8.12078
2.13226 8.02224
2.13946 8.0021
2.14072 7.99856
2.14746 7.97949
2.16161 7.9388
2.16181 7.93821
2.16459 7.93014
2.17353 7.90389
2.17707 7.89342
2.1818 7.87932
2.19707 7.83324
2.20039 7.82309
2.20359 7.81327
2.21946 7.76394
2.2387 7.70281
2.26835 7.60574
2.27947 7.56848
2.28212 7.55952
2.29876 7.5027
2.30408 7.48435
2.31043 7.46226
2.31252 7.45494
2.35232 7.31294
2.35737 7.29454
2.36137 7.27986
2.36806 7.25525
2.369 7.25176
2.36912 7.25131
2.38169 7.20457
2.38286 7.20017
2.38288 7.20011
2.41195 7.08979
2.41838 7.06504
2.44049 6.97881
2.45192 6.93365
2.47302 6.84914
2.48462 6.80212
2.4903 6.77897
2.53223 6.60495
2.56226 6.47731
2.56859 6.45011
2.56943 6.44647
2.57251 6.4332
2.57659 6.41552
2.57781 6.41027
2.58284 6.38843
2.59372 6.34099
2.59595 6.33125
2.59781 6.3231
2.61679 6.23943
2.65461 6.07021
2.65715 6.05872
2.66614 6.01793
2.66733 6.01255
2.67709 5.96807
2.68517 5.93108
2.69755 5.87413
2.70098 5.85832
2.70137 5.85652
2.71045 5.8145
2.73137 5.71704
2.74032 5.67513
2.75986 5.58304
2.76175 5.57409
2.76225 5.57174
2.76498 5.55882
2.79951 5.39418
2.81125 5.33775
2.81865 5.30211
2.82251 5.28349
2.83399 5.22793
2.84166 5.19071
2.84536 5.17274
2.85506 5.12555
2.8568 5.11706
2.87159 5.0448
2.87401 5.03292
2.90607 4.8753
2.93982 4.70826
2.95013 4.65701
2.95643 4.6257
2.95949 4.61046
2.9684 4.56604
2.98743 4.47101
2.99873 4.41448
3.01297 4.34311
3.02279 4.29386
3.0326 4.2446
3.03312 4.242
3.04793 4.16755
3.08529 3.97954
3.10094 3.90074
3.10126 3.89914
3.10795 3.86544
3.11294 3.84031
3.11341 3.83792
3.12418 3.78368
3.12952 3.75677
3.14168 3.69557
3.15068 3.65027
3.15754 3.61575
3.17308 3.53762
3.17896 3.50808
3.20776 3.36358
3.21155 3.34459
3.22127 3.29592
3.2303 3.25076
3.24149 3.1949
3.24437 3.18052
3.27033 3.05129
3.27084 3.04874
3.2786 3.01023
3.2831 2.9879
3.28739 2.96665
3.304 2.88453
3.35885 2.61539
3.41173 2.35957
3.42745 2.28434
3.43822 2.23299
3.45366 2.15978
3.47084 2.07877
3.47246 2.07117
3.47945 2.03837
3.5097 1.89759
3.52343 1.8343
3.53608 1.77635
3.54108 1.75353
3.54798 1.72209
3.5543 1.69342
3.55959 1.66949
3.56197 1.65876
3.56484 1.64581
3.56542 1.6432
3.58314 1.56376
3.60615 1.46167
3.6208 1.39738
3.6281 1.36557
3.62885 1.36227
3.65212 1.26176
3.6567 1.24214
3.66028 1.22684
3.71242 1.00811
3.71979 0.977828
3.73617 0.911082
3.75009 0.855022
3.75993 0.81575
3.8108 0.617568
3.81868 0.58765
3.82955 0.546681
3.87054 0.395929
3.87663 0.374007
3.89171 0.320363
3.89849 0.296534
3.90095 0.287918
3.90144 0.286185
3.92269 0.212769
3.96567 0.0694491
3.97712 0.0324824
3.97906 0.0262576
3.98162 0.0180769
3.9896 -0.00723094
4.0141 -0.0834228
4.02584 -0.11905
4.07053 -0.249524
4.11472 -0.370252
4.13005 -0.410157
4.13938 -0.433966
4.15607 -0.475565
4.17552 -0.522473
4.1824 -0.538656
4.21485 -0.612098
4.21878 -0.620679
4.22856 -0.641687
4.24904 -0.684274
4.25584 -0.69798
4.2811 -0.746988
4.30613 -0.792573
4.32512 -0.825162
4.33157 -0.835854
4.33675 -0.844278
4.33723 -0.845055
4.34542 -0.858101
4.35278 -0.869541
4.3535 -0.870652
4.36001 -0.880532
4.36349 -0.88573
4.36738 -0.891463
4.37558 -0.903323
4.39011 -0.923528
4.41558 -0.956446
4.43432 -0.978623
4.43694 -0.981589
4.44525 -0.990753
4.46386 -1.01003
4.48447 -1.02937
4.48894 -1.03328
4.50679 -1.0479
4.51531 -1.05431
4.54389 -1.07315
4.54938 -1.07629
4.55519 -1.07946
4.57357 -1.08834
4.57598 -1.08938
4.57642 -1.08956
4.58639 -1.09352
4.5888 -1.0944
4.59112 -1.09522
4.61174 -1.1013
4.62085 -1.10329
4.62311 -1.10372
4.62893 -1.10471
4.64295 -1.10638
4.67273 -1.10661
4.67926 -1.10605
4.69659 -1.10352
4.69962 -1.10293
4.70493 -1.10176
4.71488 -1.0992
4.71909 -1.09796
4.72453 -1.09623
4.72817 -1.09499
4.78031 -1.06981
4.7809 -1.06945
4.81413 -1.04612
4.82198 -1.0398
4.82624 -1.03623
4.82878 -1.03407
4.85551 -1.00931
4.88671 -0.975898
4.90035 -0.959771
4.91829 -0.937155
4.93227 -0.918437
4.93948 -0.908407
4.9455 -0.89984
4.94648 -0.898423
4.95902 -0.879947
4.96213 -0.875237
4.97016 -0.862881
4.98505 -0.839152
4.98879 -0.833016
4.99476 -0.82309
5.00823 -0.80007
5.01508 -0.78803
5.02386 -0.772276
5.02998 -0.761062
5.03352 -0.754514
5.03503 -0.751693
5.04375 -0.735209
5.04639 -0.730164
5.0882 -0.645679
5.09292 -0.635646
5.0945 -0.632247
5.11504 -0.587196
5.1198 -0.576475
5.12411 -0.56667
5.14287 -0.523052
5.14741 -0.51226
5.21612 -0.337752
5.21708 -0.335173
5.21784 -0.33314
5.22823 -0.304886
5.23376 -0.289641
5.23506 -0.286054
5.24597 -0.255562
5.25093 -0.241537
5.25152 -0.23986
5.26476 -0.201904
5.26543 -0.199952
5.27416 -0.174475
5.2745 -0.173484
5.28188 -0.151698
5.29255 -0.119816
5.3177 -0.0428076
5.33595 0.0146649
5.33606 0.0150155
5.33734 0.0191086
5.35979 0.0917149
5.36402 0.105613
5.37278 0.13462
5.37321 0.136039
5.41556 0.280443
5.42425 0.310904
5.43891 0.362899
5.44232 0.375116
5.44762 0.394183
5.45183 0.4094
5.45408 0.417547
5.46976 0.474869
5.52807 0.695356
5.56757 0.851087
5.57063 0.863351
5.57514 0.881478
5.57803 0.893141
5.57821 0.893857
5.59075 0.944737
5.5924 0.951454
5.59601 0.966173
5.61326 1.0372
5.62989 1.10646
5.6322 1.11616
5.65117 1.19624
5.70335 1.42152
5.70959 1.4489
5.76184 1.68211
5.77724 1.75205
5.78187 1.77316
5.78951 1.80814
5.81753 1.9374
5.81837 1.94129
5.82719 1.98232
5.84121 2.04783
5.85516 2.11337
5.86427 2.15641
5.8841 2.25052
5.89223 2.2893
5.92207 2.4325
5.92269 2.43548
5.94327 2.53505
5.95125 2.57378
5.95315 2.58305
5.98626 2.74481
6.01593 2.8909
6.02083 2.9151
6.03367 2.97865
6.04096 3.0148
6.0519 3.06911
6.05849 3.10188
6.0661 3.13978
6.07207 3.16953
6.07998 3.20899
6.1085 3.35163
6.11592 3.38883
6.142 3.51972
6.14962 3.55803
6.15187 3.56932
6.15273 3.57365
6.15991 3.60978
6.16268 3.62371
6.16542 3.6375
6.17247 3.67296
6.17546 3.68801
6.17928 3.70724
6.19379 3.78031
6.19449 3.78384
6.21689 3.89663
6.21716 3.89801
6.23699 3.99787
6.26845 4.15619
6.27783 4.20332
6.27791 4.20374
