1.02866 -1.59114
1.03941 -1.55474
1.04085 -1.07627
1.068 -1.28196
1.07274 -1.63897
1.07646 -1.34916
1.08884 -0.970349
1.09173 -0.857909
1.09417 -1.09201
1.10391 -1.46507
1.13183 -1.37496
1.15242 -0.882703
1.15263 -1.29175
1.15629 -0.710783
1.15672 -0.816156
1.16141 -0.741146
1.16385 -1.13926
1.16654 -1.1295
1.17189 -1.3568
1.17906 -0.836769
1.17997 -1.41053
1.18349 -1.52568
1.23051 -0.627342
1.23849 -0.755369
1.24312 -0.908028
1.24494 -0.825103
1.2581 -0.945774
1.26305 -0.901103
1.26548 -1.30457
1.27152 -1.35158
1.27951 -1.24467
1.28195 -0.705926
1.2943 -0.876072
1.2981 -1.12177
1.30311 -0.657714
1.33317 -1.17566
1.34017 -1.02307
1.34427 -0.997971
1.35901 -0.700285
1.37042 -0.840868
1.38286 -0.829303
1.3867 -0.810096
1.39752 -0.545423
1.40199 -1.03151
1.42614 -0.567168
1.44926 -0.979348
1.4548 -0.800832
1.45944 -0.873377
1.47152 -0.947027
1.47498 -0.951307
1.50118 -0.66438
1.52458 -0.459251
1.53525 -0.611934
1.54298 -0.806114
1.54403 -0.605035
1.54884 -0.615754
1.55827 -0.591525
1.56555 -0.44376
1.5697 -0.735815
1.57472 -0.533892
1.58405 -0.816031
1.60629 -0.691651
1.60907 -0.583683
1.61414 -0.651304
1.62768 -0.623966
1.6514 -0.576166
1.65258 -0.4602
1.67118 -0.518007
1.68335 -0.561114
1.68511 -0.642046
1.69572 -0.583934
1.70491 -0.606663
1.71279 -0.40071
1.71499 -0.281588
1.71996 -0.239015
1.72433 -0.335289
1.76023 -0.406604
1.76919 -0.360612
1.77535 -0.214516
1.80426 -0.244358
1.80989 -0.232073
1.81464 -0.179034
1.81823 -0.351737
1.83087 -0.162647
1.83862 -0.236268
1.83869 -0.168637
1.84814 -0.322494
1.85741 -0.292954
1.86167 -0.210002
1.8657 -0.190272
1.86788 -0.249978
1.87888 -0.183505
1.89611 -0.142444
1.90713 -0.163705
1.9074 -0.110739
1.92297 -0.207724
1.93154 -0.155244
1.93292 -0.0846269
1.93463 -0.116156
1.93822 -0.106874
1.94379 -0.0797433
1.95958 -0.143657
1.97948 -0.0979292
1.98199 -0.0711975
1.99105 -0.0791647
2.01528 -0.0325307
2.0159 -0.0250792
2.03865 -0.012056
2.04729 -0.00295953
2.04755 -0.0029472
2.04892 -0.00211539
2.06692 0.0135785
2.08018 0.0353845
2.08455 0.047428
2.11886 0.0873194
2.12524 0.11482
2.13425 0.0794215
2.14017 0.089004
2.14801 0.141443
2.1566 0.0985534
2.16141 0.0843434
2.16485 0.126652
2.18796 0.120024
2.2033 0.114223
2.22277 0.179814
2.23111 0.261671
2.24111 0.17419
2.24153 0.258361
2.25855 0.177651
2.29385 0.240981
2.30294 0.286536
2.30883 0.243991
2.32158 0.305501
2.32864 0.21572
2.34677 0.38819
2.34986 0.300095
2.36748 0.233091
2.38298 0.231385
2.38631 0.291387
2.39525 0.321583
2.3989 0.237777
2.40655 0.343738
2.4098 0.251742
2.43798 0.507978
2.44534 0.231151
2.45092 0.522149
2.4551 0.499863
2.45568 0.486285
2.45975 0.331772
2.46242 0.529441
2.46714 0.409541
2.47697 0.396248
2.48241 0.386056
2.48466 0.552768
2.49146 0.423305
2.49157 0.583318
2.51531 0.384961
2.53005 0.612389
2.53624 0.491014
2.54461 0.358009
2.54592 0.592299
2.55488 0.399458
2.55999 0.341077
2.56302 0.33611
2.58445 0.682182
2.58676 0.4043
2.59104 0.317671
2.59539 0.623056
2.62832 0.384608
2.63591 0.426209
2.63758 0.375988
2.63927 0.506381
2.6406 0.543719
2.66921 0.757419
2.67502 0.48579
2.67981 0.53418
2.68409 0.659069
2.69907 0.813722
2.69998 0.552167
2.72457 0.717982
2.72704 0.356391
2.72838 0.350832
2.74063 0.590736
2.74143 0.637154
2.74435 0.730215
2.74542 0.575927
2.7523 0.480543
2.75272 0.762015
2.75345 0.608475
2.76334 0.547323
2.7713 0.556187
2.77355 0.477475
2.77835 0.778609
2.78603 0.772196
2.7931 0.7544
2.79458 0.377689
2.80328 0.71999
2.80648 0.655931
2.81063 0.765995
2.8214 0.780687
2.82264 0.519675
2.82349 0.87458
2.82493 0.429906
2.83486 0.394633
2.84009 0.576769
2.8655 0.716181
2.8657 0.611041
2.89355 0.700935
2.89458 0.555851
2.90724 0.515758
2.91955 0.456655
2.92732 0.645513
2.93192 0.748229
2.94211 0.58724
2.94334 0.84541
2.94372 0.746892
2.95556 0.432731
2.9576 0.912664
2.95982 0.694931
2.9599 0.636491
2.96542 0.581045
2.98111 0.890501
2.99094 0.432767
2.99989 0.923825
3.01633 0.823836
3.01692 0.469925
3.0185 0.490291
3.0222 0.574329
3.02517 0.436908
3.03859 0.734632
3.05621 0.465726
3.05842 0.923479
3.07144 0.52021
3.07242 0.8384
3.07286 0.46413
3.07384 0.811723
3.07472 0.856956
3.10708 0.995145
3.10939 0.593141
3.11931 0.789789
3.14486 0.848735
3.16302 0.424403
3.18331 0.756583
3.18955 0.457212
3.20569 0.534055
3.25037 0.621658
3.25427 0.667294
3.25969 0.68327
3.27236 0.408802
3.27757 0.612709
3.28446 0.8354
3.28657 0.973537
3.29945 0.407904
3.3188 0.552706
3.32648 0.790272
3.32713 0.68099
3.3284 0.477851
3.33533 0.949047
3.34255 0.485008
3.36171 0.488429
3.36876 0.627948
3.37012 0.418177
3.37214 0.887375
3.37511 0.644148
3.37795 0.396249
3.39691 0.445629
3.41431 0.459884
3.42344 0.650267
3.42957 0.571506
3.43642 0.589206
3.44085 0.659181
3.4709 0.844221
3.48206 0.610498
3.48227 0.387269
3.49175 0.803646
3.49919 0.638946
3.50068 0.786187
3.50172 0.501253
3.50387 0.517673
3.5145 0.782409
3.52198 0.403081
3.55396 0.512831
3.55403 0.762735
3.56399 0.686865
3.56454 0.423058
3.56986 0.475833
3.57357 0.497842
3.58234 0.577898
3.584 0.399894
3.58953 0.335725
3.58986 0.698069
3.60449 0.448972
3.60665 0.60553
3.60958 0.393049
3.61391 0.634464
3.61755 0.380844
3.62287 0.539509
3.62329 0.630437
3.62369 0.442022
3.62594 0.474946
3.62806 0.615462
3.63705 0.738758
3.63725 0.714241
3.64534 0.340729
3.6556 0.510283
3.66474 0.347293
3.67059 0.397698
3.6718 0.382825
3.67202 0.54973
3.67552 0.609604
3.68522 0.309494
3.68785 0.620375
3.69376 0.605918
3.71206 0.689273
3.72568 0.618275
3.72771 0.38607
3.74869 0.651713
3.77291 0.470623
3.79457 0.310841
3.79659 0.418246
3.8003 0.342954
3.8019 0.372303
3.80773 0.50463
3.81897 0.444838
3.82679 0.259613
3.8281 0.343512
3.83404 0.340246
3.84574 0.43306
3.84853 0.455389
3.91211 0.370388
3.91846 0.330339
3.93087 0.396557
3.93688 0.212985
3.94976 0.266464
3.95869 0.285851
3.96961 0.229402
3.9786 0.24318
3.9849 0.180171
3.98743 0.364623
3.99122 0.199361
3.99287 0.194896
3.99873 0.257926
4.03166 0.181048
4.03518 0.280226
4.06893 0.252427
4.12927 0.082883
4.13893 0.120123
4.15039 0.077016
4.15742 0.110463
4.17975 0.0649672
4.18109 0.0798403
4.19772 0.0233204
4.20256 0.0432901
4.20298 0.0306348
4.20582 0.01862
4.20888 0.0237308
4.22127 0.0107451
4.23243 -1.28877e-05
4.24386 -0.0100153
4.24407 -0.0132538
4.25977 -0.0357332
4.27864 -0.0424755
4.28449 -0.0640259
4.30326 -0.0846192
4.30817 -0.105133
4.33077 -0.112927
4.33273 -0.157587
4.35199 -0.195349
4.36811 -0.208443
4.37519 -0.102718
4.37872 -0.130626
4.38216 -0.191817
4.39377 -0.116837
4.40413 -0.177297
4.40457 -0.293751
4.4088 -0.259055
4.41496 -0.282443
4.41811 -0.27943
4.44296 -0.17741
4.44371 -0.2823
4.46685 -0.230458
4.47264 -0.196042
4.47701 -0.36644
4.49278 -0.375312
4.49615 -0.275633
4.50011 -0.395168
4.5071 -0.202267
4.51544 -0.460604
4.52176 -0.371472
4.52513 -0.378155
4.52592 -0.220541
4.52867 -0.44636
4.53071 -0.332475
4.53441 -0.467857
4.54318 -0.443244
4.54726 -0.481454
4.54935 -0.369588
4.56258 -0.420643
4.57257 -0.457451
4.57891 -0.414572
4.57975 -0.251835
4.58873 -0.371172
4.61017 -0.520918
4.63645 -0.396246
4.65881 -0.639172
4.6727 -0.530266
4.68186 -0.796153
4.68375 -0.796983
4.70252 -0.76847
4.70958 -0.757772
4.72209 -0.703419
4.73652 -0.520107
4.7397 -0.842145
4.74465 -0.896957
4.74528 -0.454682
4.7507 -0.81203
4.75353 -0.828277
4.75836 -0.801108
4.76239 -0.598234
4.76901 -0.739519
4.76985 -0.588382
4.77644 -0.568432
4.78006 -0.44972
4.78123 -0.862168
4.78896 -0.815971
4.79002 -0.61277
4.79492 -0.916927
4.80436 -0.46691
4.81375 -0.706905
4.83422 -1.05738
4.83699 -1.00851
4.84656 -0.453881
4.85201 -0.908716
4.86207 -0.716173
4.8779 -1.10252
4.89166 -0.490096
4.9082 -0.544919
4.91819 -1.10497
4.92014 -0.858276
4.93346 -1.10935
4.94452 -0.892025
4.9464 -0.705584
4.95117 -0.634591
4.95329 -0.599674
4.96308 -1.03489
4.96999 -1.03238
4.97553 -1.04325
5.01518 -0.741004
5.01646 -1.16026
5.01733 -0.633889
5.01895 -0.59838
5.02985 -0.940474
5.03386 -0.717376
5.03674 -1.31464
5.04544 -0.961711
5.05722 -1.40714
5.05804 -1.31519
5.05869 -1.02887
5.0703 -0.909598
5.09652 -0.938759
5.10587 -0.81273
5.11918 -0.929425
5.12305 -0.873386
5.13168 -1.55777
5.14384 -1.51713
5.15143 -0.870952
5.15364 -1.26356
5.17159 -1.34184
5.1842 -0.819935
5.18454 -1.64623
5.19059 -0.76026
5.21785 -1.14707
5.228 -1.21722
5.25277 -1.16804
5.25707 -1.04691
5.26032 -1.81639
5.26238 -1.6388
5.26574 -1.02334
5.2757 -1.36092
5.28703 -1.02487
5.29008 -1.86201
5.30166 -0.88369
5.31712 -1.74918
5.32108 -0.875191
5.34777 -1.27689
5.35664 -1.46495
5.3775 -1.58879
5.38284 -1.61967
5.38319 -1.45578
5.40033 -2.00497
5.40272 -2.01601
5.40354 -0.908893
5.41672 -1.4312
5.42149 -1.55846
5.42444 -1.35659
5.43445 -1.41918
5.45094 -1.77172
5.45373 -1.98018
5.45542 -2.02765
5.47477 -1.91974
5.48772 -1.49774
5.53031 -1.7672
5.53821 -1.53649
5.5483 -2.01542
5.55266 -1.91265
5.56955 -1.86407
5.59494 -1.516
5.60305 -1.81257
5.61515 -1.62339
5.62065 -1.53975
5.62593 -2.25282
5.6266 -1.14556
5.63536 -1.13995
5.7066 -2.33712
5.7167 -1.65426
5.71978 -2.05244
5.73286 -2.05596
5.73902 -1.63128
5.74558 -2.43941
5.74627 -1.39664
5.75043 -1.67969
5.75677 -1.62754
5.78045 -2.26191
5.78708 -2.26902
5.78896 -1.56975
5.79449 -2.1526
5.79929 -1.42511
5.80441 -1.92955
5.81358 -1.0495
5.81984 -1.97006
5.83031 -2.12689
5.83278 -2.1304
5.85424 -2.31317
5.8555 -1.12775
5.86041 -1.62606
5.86192 -1.97605
5.87887 -1.78452
5.8802 -1.86729
5.89043 -1.9755
5.89494 -2.53623
5.91499 -2.50445
5.9195 -1.49618
5.93064 -1.18691
5.93348 -2.45248
5.94132 -2.29562
5.9548 -2.56748
5.99101 -1.73097
5.99291 -1.35273
5.9961 -1.29129
6.00476 -1.84345
6.00527 -1.94058
6.01115 -1.491
6.01599 -2.2089
6.02625 -1.28691
6.04167 -1.98764
6.04826 -2.5494
6.04848 -1.31776
6.05186 -2.35248
6.08031 -2.04271
6.08743 -1.51016
6.09383 -1.22209
6.09932 -2.3002
6.09978 -1.14502
6.10511 -1.12452
6.11213 -1.84794
6.11683 -2.05263
6.12131 -2.31313
6.14203 -2.65533
6.15102 -1.28647
6.16217 -2.45229
6.17144 -2.31789
6.18874 -1.1965
6.18979 -2.22559
6.19013 -1.31509
6.19414 -1.7161
6.214 -2.41085
6.22704 -1.27449
6.22709 -1.15134
6.23437 -2.15222
6.24138 -1.14337
6.24301 -1.41704
6.2435 -2.65388
6.24471 -2.09215
6.25151 -1.55827
6.25428 -1.65963
6.26092 -1.28057
6.26229 -1.38773
6.26523 -2.57027
6.28769 -2.52897
6.31721 -1.40885
6.32142 -1.52753
6.32641 -1.67638
6.32679 -1.85949
6.33245 -1.16938
6.34109 -1.63795
6.36529 -2.24863
6.41342 -1.83509
6.43273 -1.4845
6.43462 -1.29089
6.43946 -1.88818
6.44036 -1.80139
6.45692 -1.24932
6.45855 -1.37025
6.47224 -1.15048
6.48511 -1.12231
6.48709 -2.36809
6.49448 -2.31791
6.52193 -1.50348
6.52888 -1.78315
6.54679 -2.38203
6.56619 -2.34733
6.56878 -1.95352
6.57676 -1.27954
6.60699 -1.82397
6.60821 -1.68473
6.61123 -1.24502
6.6274 -1.99396
6.64174 -1.2432
6.64488 -2.31222
6.64995 -1.44986
6.65164 -1.65124
6.65553 -1.21512
6.66656 -1.36932
6.67206 -1.24645
6.68375 -1.66243
6.68749 -1.07587
6.6914 -1.25295
6.69171 -2.47224
6.70772 -1.51093
6.70999 -1.17156
6.71269 -1.47819
6.71432 -1.77452
6.72281 -2.44459
6.7235 -1.79737
6.72498 -2.17532
6.72688 -2.4584
6.73688 -1.58553
6.74644 -2.07976
6.74828 -1.72557
6.74976 -1.55856
6.78489 -2.16314
6.81832 -1.86233
6.81887 -1.85611
6.82287 -1.85691
6.82313 -1.56689
6.8249 -1.58002
6.82641 -1.90282
6.85218 -2.1549
6.88925 -2.28404
6.89844 -2.3193
6.89952 -2.30617
6.90868 -1.90564
6.91463 -2.18502
6.91656 -1.66144
6.92237 -1.62036
6.93284 -2.24446
6.97992 -1.90959
6.98242 -2.26966
6.99339 -1.17007
6.99868 -1.86473
7.00752 -2.16833
7.01946 -2.20804
7.02343 -2.18252
7.04833 -1.76846
7.06708 -2.03693
7.09498 -1.9654
7.10308 -1.11142
7.10591 -1.62713
7.10975 -2.05946
7.11194 -1.79262
7.1164 -1.39435
7.11727 -1.70973
7.12597 -1.26511
7.12791 -1.16511
7.12965 -1.98532
7.141 -0.86067
7.14926 -1.68965
7.15141 -1.86347
7.15996 -1.25676
7.16463 -1.40021
7.16487 -1.05093
7.16816 -1.56912
7.17547 -1.31372
7.17656 -0.926931
7.17949 -1.62466
7.18223 -1.78689
7.1836 -0.918301
7.19562 -1.39768
7.20201 -1.06373
7.21394 -0.86714
7.21822 -1.95058
7.25572 -1.22136
7.26254 -1.81938
7.28363 -1.44542
7.29035 -1.19086
7.30807 -1.20761
7.32314 -0.7585
7.32493 -1.23996
7.33763 -1.37999
7.34413 -0.721118
7.35582 -1.05961
7.35697 -1.40943
7.35984 -1.26247
7.36508 -1.10574
7.36889 -1.1164
7.36938 -1.604
7.36971 -0.715102
7.37214 -1.0216
7.37242 -0.961653
7.38018 -0.884027
7.3867 -0.88972
7.39814 -1.27381
7.42547 -0.774872
7.44025 -1.17431
7.44067 -1.42366
7.44523 -0.984179
7.46507 -1.30732
7.48411 -0.933582
7.49238 -0.913621
7.49762 -1.05487
7.51459 -0.870673
7.51622 -1.2879
7.52919 -1.36739
7.54276 -0.81922
7.57517 -1.27477
7.5768 -1.16563
7.58634 -1.2218
7.58972 -1.1189
7.59354 -0.645754
7.61475 -0.605191
7.62139 -0.988715
7.63795 -1.18469
7.65193 -0.629636
7.66363 -1.193
7.66426 -1.01197
7.67596 -0.540712
7.68588 -1.04327
7.68889 -0.506698
7.6917 -0.872697
7.69223 -0.66915
7.69373 -0.942323
7.70131 -1.13661
7.70783 -1.06397
7.71414 -1.01433
7.71618 -0.986725
7.72418 -0.942268
7.73321 -0.955571
7.76469 -0.996325
7.76473 -1.00269
7.78131 -0.946762
7.78373 -0.405385
7.78488 -0.805667
7.8013 -0.782246
7.80239 -0.577969
7.80982 -0.570877
7.8131 -0.792654
7.81888 -0.719365
7.82188 -0.468987
7.83806 -0.477217
7.84475 -0.386361
7.84691 -0.80065
7.84908 -0.651751
7.85875 -0.589589
7.87947 -0.548055
7.89302 -0.504046
7.8946 -0.751569
7.90052 -0.352053
7.9022 -0.391561
7.90458 -0.509769
7.90839 -0.485116
7.91697 -0.640014
7.93008 -0.321903
7.95806 -0.42977
7.9732 -0.530827
7.99521 -0.547307
7.99853 -0.421145
8.00164 -0.245861
8.01038 -0.410304
8.01391 -0.540425
8.01476 -0.539998
8.01757 -0.399007
8.03492 -0.449078
8.04368 -0.495418
8.0691 -0.244592
8.08098 -0.341458
8.10433 -0.333257
8.12124 -0.230575
8.12592 -0.223602
8.14665 -0.273897
8.16353 -0.150616
8.1757 -0.111141
8.19906 -0.176458
8.21667 -0.187268
8.21913 -0.173004
8.22418 -0.140052
8.22676 -0.0998781
8.2452 -0.108359
8.24867 -0.113626
8.26119 -0.0749607
8.26853 -0.0958469
8.27122 -0.0738238
8.2941 -0.0413127
8.31214 -0.0273082
8.32883 -0.00766813
8.3316 -0.0028217
8.34628 0.0129205
8.35507 0.0152688
8.3592 0.0264828
8.36306 0.0287357
8.36576 0.0239571
8.37318 0.0426187
8.38554 0.0729087
8.38986 0.058272
8.40339 0.0922493
8.41498 0.0930399
8.42769 0.0747947
8.42797 0.0850733
8.43538 0.161336
8.44228 0.0784646
8.46988 0.174674
8.48333 0.144296
8.48743 0.101577
8.48838 0.106794
8.49127 0.174358
8.49889 0.168198
8.52477 0.229843
8.53552 0.157621
8.5444 0.181297
8.54537 0.208045
8.54703 0.247607
8.5492 0.234297
8.56757 0.248228
8.57635 0.250099
8.57904 0.338208
8.57934 0.212241
8.59393 0.346036
8.61463 0.251025
8.61696 0.19236
8.61749 0.308607
8.62679 0.276515
8.64256 0.244385
8.66404 0.481023
8.67331 0.379383
8.674 0.255617
8.67751 0.346896
8.67816 0.322139
8.68359 0.26488
8.694 0.500997
8.69889 0.271919
8.70615 0.468377
8.71839 0.465636
8.7377 0.305707
8.74777 0.307911
8.75533 0.534206
8.76285 0.577956
8.77432 0.28246
8.77747 0.421643
8.7798 0.30481
8.78131 0.567337
8.7855 0.388614
8.78561 0.38813
8.78722 0.588226
8.78882 0.469907
8.79227 0.306844
8.80409 0.573709
8.80691 0.324175
8.81123 0.396633
8.81135 0.357244
8.83393 0.396882
8.83739 0.382165
8.84132 0.640404
8.86782 0.369291
8.86957 0.323353
8.87762 0.501193
8.8839 0.532542
8.88907 0.415609
8.90266 0.468812
8.91618 0.315179
8.92912 0.362673
8.92932 0.621645
8.96569 0.434161
8.96947 0.745333
8.99007 0.391047
8.99209 0.782037
8.99537 0.618032
9.00265 0.676768
9.00598 0.614644
9.00637 0.606353
9.02069 0.564552
9.02091 0.782841
9.039 0.601866
9.05039 0.435098
9.0537 0.464349
9.05492 0.537762
9.06036 0.530452
9.06974 0.449854
9.07191 0.596096
9.07741 0.621215
9.078 0.498987
9.07974 0.594323
9.08266 0.445565
9.08521 0.706243
9.08539 0.539344
9.09498 0.535829
9.09576 0.546095
9.09808 0.469363
9.09947 0.661386
9.10245 0.508889
9.10583 0.653752
9.11546 0.892569
9.11937 0.895967
9.12231 0.809438
9.12493 0.680031
9.12886 0.560519
9.13109 0.72735
9.13205 0.725509
9.14154 0.58319
9.15598 0.745376
9.16217 0.702551
9.16323 0.859136
9.20232 0.855964
9.21848 0.778295
9.22725 0.653227
9.23047 0.953045
9.24614 0.466011
9.2532 0.70978
9.26484 0.698285
9.2741 0.640635
9.28516 0.531269
9.28962 0.409711
9.29025 0.529748
9.30049 0.938919
9.30419 0.476169
9.30919 0.849183
9.33254 0.91975
9.333 0.450963
9.34297 0.867634
9.34724 0.547064
9.34799 0.617513
9.35939 0.726164
9.36812 0.540804
9.38464 0.58754
9.41384 0.841867
9.45582 0.584631
9.4597 0.805077
9.46262 0.514803
9.46929 0.653591
9.4782 0.683482
9.48179 0.864777
9.49205 0.475194
9.50214 0.839816
9.50234 0.763058
9.50406 0.572889
9.5062 0.848099
9.52141 0.528285
9.53186 0.881515
9.55403 0.827097
9.5629 0.904072
9.57615 0.504562
9.59471 0.724464
9.59842 0.697614
9.59976 0.603046
9.60611 0.728388
9.6356 0.454899
9.63581 0.880157
9.63782 0.649516
9.66314 0.659743
9.66519 0.827422
9.68307 0.832722
9.69404 0.565887
9.70023 0.843539
9.70207 0.842564
9.70376 0.504576
9.72264 0.64129
9.75591 0.769376
9.7657 0.79895
9.76949 0.606434
9.77037 0.454707
9.78119 0.799027
9.79675 0.707906
9.81277 0.517414
9.81823 0.760691
9.82121 0.456218
9.82169 0.627862
9.82637 0.699694
9.85179 0.767896
9.8568 0.446032
9.86205 0.75379
9.8782 0.649105
9.87841 0.622857
9.87901 0.68017
9.88617 0.751655
9.89079 0.38743
9.89824 0.391469
9.90741 0.331726
9.92406 0.368516
9.93906 0.458766
9.95497 0.339422
9.98491 0.403302
9.98802 0.512752
