0.00831378 -59.1195
0.0130855 -37.5646
0.0212011 -36.1298
0.0286549 -46.7677
0.0700228 -25.5344
0.0797415 -29.06
0.107212 -37.3655
0.143334 -23.6077
0.19442 -20.8275
0.196626 -23.6947
0.205094 -19.2793
0.208228 -28.4606
0.213897 -25.7291
0.218275 -19.9765
0.220119 -20.4231
0.240982 -24.2775
0.241203 -21.8214
0.246908 -18.5424
0.250776 -21.2693
0.256733 -17.6631
0.257923 -13.9815
0.262859 -15.8352
0.262992 -12.5741
0.26553 -25.3405
0.271166 -22.133
0.286222 -22.7033
0.287097 -22.5859
0.296717 -18.6058
0.301246 -17.9423
0.30967 -13.9693
0.329543 -10.8036
0.335292 -17.3635
0.338349 -20.7623
0.34202 -14.2812
0.346997 -16.4285
0.34838 -17.074
0.350451 -16.7865
0.366995 -20.7041
0.384193 -12.1113
0.400997 -11.4168
0.416934 -13.5717
0.42645 -9.96616
0.439329 -10.5953
0.47687 -8.63079
0.491472 -11.5063
0.544126 -8.24391
0.551041 -12.5721
0.581798 -7.57761
0.592026 -12.7212
0.607425 -9.89861
0.618919 -13.2929
0.622719 -6.83263
0.628638 -9.87786
0.635055 -11.3198
0.640593 -6.29521
0.645409 -12.2613
0.67654 -8.69396
0.692324 -8.73955
0.695243 -11.0738
0.701657 -7.37517
0.702398 -8.13317
0.708889 -6.28665
0.725941 -7.15056
0.728806 -10.3368
0.73274 -6.75399
0.74099 -6.53271
0.752928 -10.8706
0.762583 -7.30927
0.768306 -8.28664
0.798608 -7.38307
0.803378 -4.33526
0.803615 -4.95329
0.811582 -9.28266
0.842139 -6.4888
0.851479 -6.05473
0.875443 -5.91093
0.885025 -6.77143
0.900672 -5.54435
0.902866 -8.11555
0.910825 -5.45724
0.912141 -4.55924
0.918778 -5.63282
0.927718 -7.29026
0.945872 -6.41519
0.955778 -4.89793
0.971285 -4.97506
0.976291 -5.12802
0.976597 -5.20046
0.987 -4.30936
1.00003 -4.83423
1.00265 -3.35675
1.00692 -4.90557
1.01133 -6.45222
1.03383 -5.50413
1.0396 -3.96986
1.04391 -5.82143
1.04859 -4.72837
1.06283 -3.52424
1.06575 -3.31715
1.06679 -4.26061
1.09134 -3.79343
1.10491 -5.53204
1.12001 -3.10542
1.13124 -3.75466
1.14923 -2.58725
1.16274 -4.05337
1.18027 -3.57361
1.19214 -2.28252
1.19742 -2.46257
1.20202 -2.99673
1.22546 -4.00223
1.23229 -2.46155
1.27438 -1.61927
1.27601 -3.14437
1.28075 -3.507
1.29474 -3.36088
1.32806 -2.07656
1.33072 -2.85218
1.35093 -1.42786
1.35392 -2.60892
1.35395 -1.84719
1.3779 -2.12254
1.38256 -1.33674
1.38366 -1.61964
1.38737 -1.17883
1.40636 -1.55298
1.42741 -1.54481
1.43368 -1.71228
1.44305 -0.965399
1.44445 -1.10968
1.45112 -1.69543
1.45865 -1.55739
1.46367 -1.27181
1.46425 -1.09914
1.46584 -0.783723
1.48705 -1.1186
1.48764 -1.13861
1.49351 -0.853673
1.50163 -0.991892
1.5097 -0.981212
1.51014 -0.704501
1.51827 -0.806099
1.52364 -0.523264
1.53498 -0.708877
1.55261 -0.683803
1.56355 -0.723814
1.57829 -0.338008
1.57973 -0.499343
1.59137 -0.484226
1.62377 -0.162567
1.63128 -0.0767449
1.63467 -0.0584136
1.63784 -0.0780701
1.64282 -0.0310849
1.66887 0.116822
1.70112 0.431861
1.70782 0.40546
1.72055 0.355918
1.73311 0.541557
1.74921 0.69769
1.74927 0.69617
1.75115 0.487322
1.76438 0.660372
1.77201 0.737703
1.77623 0.887166
1.79031 0.747054
1.81581 1.14521
1.82863 1.43289
1.82976 1.04732
1.86134 1.30751
1.87112 1.74353
1.88086 1.42842
1.88746 1.63185
1.8975 1.88393
1.91439 1.30824
1.94054 2.02728
1.97089 1.80324
1.97449 1.33827
1.97696 2.48561
1.98403 2.28358
2.01334 2.52216
2.01566 1.66756
2.02202 2.75232
2.02944 2.61521
2.03868 2.82083
2.04946 2.79777
2.05449 2.94042
2.07367 2.18791
2.08355 1.87284
2.09691 1.59614
2.10181 2.13942
2.10961 3.12301
2.11748 2.63048
2.11824 2.73204
2.12096 3.47367
2.12438 3.14271
2.12847 1.7871
2.13272 3.52748
2.13912 2.29735
2.14546 3.41622
2.1558 2.78896
2.18902 3.60346
2.19242 2.73619
2.20067 1.81815
2.20925 2.98524
2.23404 3.06768
2.23716 4.13304
2.24111 1.88818
2.25501 3.57231
2.25623 2.04799
2.2585 4.27536
2.26048 2.29614
2.26725 2.437
2.27444 2.29694
2.27895 2.84702
2.28597 3.37029
2.30006 2.4551
2.30354 3.81076
2.33427 4.2991
2.35874 4.90182
2.37995 3.62013
2.41264 4.05507
2.42352 2.43312
2.44101 3.0969
2.47816 2.48574
2.49197 2.52242
2.51463 3.391
2.52985 2.94242
2.53565 5.07747
2.55889 3.31233
2.56368 3.82008
2.56862 4.05653
2.58717 5.82854
2.59366 4.63277
2.59671 5.98693
2.60274 4.51818
2.60991 3.46876
2.62079 5.86901
2.63511 4.73181
2.65348 4.79148
2.67669 4.78753
2.67768 3.36253
2.68575 5.87472
2.69002 3.83633
2.71077 3.98141
2.72203 3.64242
2.73473 4.17972
2.75884 4.06168
2.77165 3.22608
2.77165 6.68612
2.77596 7.10518
2.78724 5.95958
2.78879 3.88157
2.79134 6.90854
2.79418 4.07271
2.79992 6.55064
2.80407 6.09278
2.81872 5.80733
2.84688 4.20532
2.8501 7.16258
2.85258 6.03637
2.88052 4.50516
2.88688 6.65381
2.89168 6.33209
2.90177 3.9815
2.90284 6.88748
2.91383 6.90491
2.93397 4.37461
2.93412 5.10138
2.93929 5.6408
2.94571 4.9731
2.96817 8.12792
3.02033 7.73764
3.04232 6.09837
3.05209 8.09228
3.06094 4.25196
3.07295 5.59049
3.07356 4.80554
3.07425 3.98461
3.08594 5.92256
3.09242 5.84552
3.11531 8.72
3.11939 4.37946
3.13636 8.78175
3.13916 6.85757
3.14394 4.8997
3.14705 4.34833
3.15421 7.62767
3.16528 7.61596
3.16748 8.57063
3.18414 8.31522
3.1842 5.49851
3.18509 5.87232
3.22444 8.13806
3.23418 8.51126
3.2365 4.80272
3.26087 6.2822
3.26169 7.63567
3.26214 4.51415
3.26633 8.73304
3.28481 9.25155
3.29368 5.81699
3.30605 8.67029
3.30835 9.34108
3.32318 5.19269
3.32832 6.4396
3.3408 5.97426
3.35215 4.57202
3.36952 8.20667
3.37007 5.4928
3.3713 8.12593
3.38763 4.58662
3.38817 9.34882
3.39401 9.5123
3.39712 7.55028
3.40611 7.16458
3.43001 8.47739
3.43858 10.034
3.48136 5.30845
3.4854 9.93417
3.4953 6.42437
3.49552 6.01285
3.51253 5.4258
3.52016 8.7238
3.52493 10.2315
3.54199 7.04
3.54788 10.2824
3.54844 9.80784
3.54926 7.98258
3.55279 8.05785
3.55426 4.68626
3.55445 7.19593
3.56379 9.61964
3.56687 8.43755
3.56719 10.3682
3.57715 9.2794
3.59152 7.36425
3.60906 6.27099
3.62953 5.30137
3.64334 5.33743
3.66412 8.90426
3.69096 8.47861
3.69942 8.85085
3.70338 9.86422
3.7064 8.10313
3.71736 7.64348
3.71809 9.22292
3.72807 9.13098
3.73607 6.88193
3.73764 6.4888
3.73837 9.1647
3.74448 10.8115
3.7621 7.3116
3.76398 5.15381
3.7665 6.74892
3.7823 7.72505
3.78595 11.059
3.79373 7.96565
3.79797 7.98124
3.80019 5.21733
3.80384 10.1382
3.80827 9.57366
3.82124 5.9388
3.82721 10.6877
3.85991 7.93205
3.88994 9.38299
3.89461 6.0122
3.90223 9.48379
3.9265 6.78905
3.9284 8.03802
3.93207 5.32487
3.94251 8.88189
3.94498 10.0695
3.95466 6.9183
3.96095 6.78035
3.96781 8.07433
3.96873 7.78317
3.97267 8.07306
3.97575 9.36786
3.98718 11.5336
3.98826 6.87115
3.98983 11.1993
3.99717 10.19
4.00164 8.77146
4.01223 11.363
4.01448 8.60669
4.02745 5.81133
4.02886 5.88164
4.03335 10.1651
4.03708 7.13053
4.0417 7.61724
4.07909 10.5971
4.08516 9.01131
4.09326 12.3438
4.09855 9.66451
4.11564 8.02465
4.11775 7.13778
4.12116 9.56316
4.12145 9.75716
4.13908 6.54649
4.15426 8.4343
4.16492 11.1349
4.17657 6.36594
4.17744 12.5863
4.19655 7.26009
4.20813 12.7387
4.2171 7.86839
4.23038 11.6098
4.23955 11.4212
4.25002 8.35645
4.25148 7.2115
4.26295 10.7292
4.27174 11.0449
4.27292 8.92605
4.27471 11.8003
4.30513 13.1901
4.31921 9.52602
4.35473 7.48881
4.35938 10.9968
4.37218 12.9904
4.37692 11.3397
4.38798 9.06367
4.39739 11.6238
4.40127 10.5006
4.40704 6.64293
4.42359 10.8948
4.43306 9.00747
4.43661 11.5463
4.43891 9.49329
4.43963 12.0202
4.44095 6.57542
4.44244 6.84528
4.44282 10.2534
4.44466 12.5186
4.44586 13.2664
4.4564 12.7907
4.47345 6.19926
4.47958 11.5198
4.48072 9.78215
4.49823 14.0126
4.49871 13.3829
4.50589 7.96436
4.51593 10.0392
4.5336 9.40474
4.54035 13.6744
4.5483 7.67634
4.57786 11.0166
4.59182 10.5919
4.59335 12.3216
4.60804 6.32303
4.61249 13.9752
4.62782 12.2112
4.63467 12.6682
4.64628 7.33683
4.65726 7.615
4.68595 7.73443
4.68718 8.94606
4.6933 12.0838
4.69808 13.1115
4.70074 11.3756
4.72498 11.3004
4.7271 6.85654
4.73354 11.7366
4.74173 9.82147
4.74732 11.1183
4.74788 8.89576
4.75774 6.51488
4.75845 14.7684
4.76249 11.7307
4.79208 13.5856
4.79503 9.2459
4.80193 8.74605
4.83901 11.3804
4.85297 10.8517
4.86297 8.41171
4.86692 8.95613
4.87172 9.84672
4.89951 14.0658
4.90625 7.51265
4.90859 11.183
4.90982 6.55829
4.91534 8.57551
4.9262 14.112
4.92628 8.02958
4.93419 8.06452
4.93942 11.226
4.94686 14.6943
4.95672 10.859
4.96455 10.3026
4.97086 7.10157
4.97383 8.22984
4.98653 12.2019
4.99244 11.8444
4.99757 12.0871
5.00409 9.81536
5.01356 9.57008
5.07461 13.7294
5.07469 14.3628
5.0872 8.30158
5.08791 15.5678
5.09102 14.477
5.09299 13.7411
5.1072 8.93375
5.14095 7.60299
5.15449 7.3259
5.15843 8.56206
5.15864 12.8906
5.16287 15.5425
5.1704 8.82729
5.17202 14.1045
5.1787 10.1385
5.19184 10.678
5.19856 14.615
5.19919 13.1084
5.20611 14.751
5.20771 8.56831
5.21869 12.0646
5.2295 7.53088
5.24457 13.5556
5.25851 15.9254
5.26214 9.74518
5.26937 11.9164
5.26953 11.2079
5.27713 15.1991
5.28165 8.63274
5.28473 12.5425
5.28579 15.9257
5.28775 9.65304
5.29154 12.8245
5.30167 10.9313
5.30913 10.1435
5.3105 15.2611
5.32235 7.54973
5.33196 12.8917
5.33303 14.5409
5.35979 14.9761
5.36422 8.72643
5.40249 12.2345
5.43591 15.715
5.4404 7.38731
5.45438 13.5641
5.45862 7.38493
5.46225 9.29415
5.47251 14.497
5.47522 13.3999
5.49951 14.9995
5.52852 9.4211
5.53297 12.8909
5.54482 12.0498
5.56159 8.84908
5.56431 11.911
5.59123 11.6706
5.60252 9.55868
5.62219 9.1515
5.63022 10.5682
5.64258 8.52291
5.65265 16.9358
5.65908 11.2504
5.67785 10.3821
5.68318 15.573
5.68863 15.184
5.70261 15.7719
5.70722 15.0725
5.7219 17.0576
5.72819 11.3056
5.72964 8.58563
5.7322 11.4165
5.73949 13.8537
5.74284 13.8937
5.75437 15.6601
5.75984 8.55168
5.76308 7.92303
5.7785 7.66523
5.78921 8.6053
5.79611 17.5814
5.82518 17.2803
5.8437 14.6037
5.85395 8.97094
5.87501 16.1252
5.87803 10.5285
5.88051 15.0116
5.8816 13.1386
5.88986 16.2216
5.90627 13.8016
5.9122 14.1076
5.91842 14.7041
5.93284 17.1509
5.93799 16.4046
5.93842 16.0872
5.95126 8.10253
5.97494 13.2115
5.97526 11.4937
5.97552 17.7315
6.0044 13.4982
6.00876 9.90656
6.01344 13.0342
6.0135 16.9735
6.01653 9.30988
6.01887 7.81622
6.02261 8.0604
6.0279 8.71597
6.02961 12.3677
6.03627 15.6271
6.03667 12.4346
6.05284 16.4731
6.05792 10.9952
6.06754 11.723
6.06918 8.11121
6.10012 14.7167
6.10704 12.19
6.10739 16.3698
6.11411 16.5252
6.11804 18.0708
6.15114 8.11173
6.15697 14.1982
6.18542 9.96495
6.19648 9.59761
6.20122 17.6756
6.23141 15.7891
6.26125 12.3326
6.2769 16.7673
6.28165 11.432
6.29675 9.53493
6.30462 11.3076
6.31943 10.8341
6.32195 16.0585
6.32204 17.1507
6.33107 16.0631
6.34303 8.20572
6.35878 9.52537
6.37753 8.93573
6.39451 13.9364
6.40676 14.2082
6.41389 8.88371
6.41789 18.2431
6.42138 11.5662
6.42563 8.86763
6.4343 14.326
6.45286 17.3344
6.46793 8.3312
6.49229 16.0524
6.4943 18.9039
6.50097 14.5027
6.50872 11.8498
6.5144 17.3094
6.51624 10.4462
6.52981 9.48227
6.53191 13.1374
6.53318 8.95898
6.53987 10.5608
6.55142 18.3266
6.55569 8.49008
6.55794 12.0346
6.56255 8.54528
6.57258 17.4442
6.57694 16.0258
6.58622 9.71093
6.61592 11.8888
6.6249 13.3434
6.62705 15.397
6.6666 15.9144
6.68184 15.1164
6.68213 15.4764
6.68693 18.496
6.68778 17.8606
6.69213 13.9194
6.70016 17.0675
6.7113 15.1157
6.71488 16.4556
6.72302 8.92344
6.74095 19.1594
6.75923 11.481
6.76135 10.7913
6.7669 16.7134
6.79246 13.1439
6.79329 17.0861
6.80029 19.4
6.80039 15.7145
6.8017 11.024
6.80611 11.0886
6.81466 9.46443
6.82973 14.0124
6.83373 14.4501
6.86292 15.0674
6.87074 9.71414
6.88372 19.4789
6.91224 18.1901
6.9252 16.8706
6.96041 18.1051
6.97146 15.7101
6.9895 13.2594
6.99152 11.439
6.99726 9.52666
7.00479 12.9236
7.00873 15.3543
7.01255 9.82077
7.02432 18.5077
7.03143 16.3795
7.03281 12.994
7.03436 19.8966
7.04266 9.47408
7.06161 8.99831
7.08752 12.3544
7.08826 12.12
7.09065 18.1942
7.09074 14.592
7.09546 11.0955
7.09813 9.29164
7.1009 9.59638
7.1165 20.1726
7.11894 14.7454
7.12766 10.2111
7.13965 12.198
7.14553 14.8756
7.17641 10.798
7.18385 14.9725
7.18589 19.8144
7.1874 16.3841
7.19043 13.3634
7.19222 12.6378
7.19497 12.3082
7.20371 12.6708
7.20906 8.9452
7.21031 17.8413
7.23084 12.8156
7.25794 15.6
7.26982 12.1698
7.27324 10.158
7.27746 11.4332
7.27921 16.2787
7.28286 15.5339
7.28435 14.1932
7.29265 13.9102
7.30142 8.99126
7.32426 17.3519
7.32619 20.3184
7.34328 9.75647
7.34464 12.5078
7.3447 19.4353
7.35246 15.4874
7.36182 16.9389
7.36562 11.4723
7.37326 12.5561
7.38781 19.1313
7.3993 15.5197
7.41561 17.5513
7.42735 18.2006
7.43008 11.6007
7.44159 11.352
7.45429 19.7205
7.45702 16.284
7.47376 12.2136
7.47841 16.5063
7.47998 11.1797
7.48915 10.3247
7.52793 15.001
7.54281 9.26617
7.54678 9.56446
7.55346 11.3381
7.55928 15.5753
7.56627 17.6058
7.56695 18.0893
7.57252 13.3555
7.57919 10.2315
7.58939 18.7225
7.58944 17.009
7.60489 20.3494
7.60745 20.5837
7.63485 18.4942
7.66296 12.5943
7.66389 17.6167
7.66754 16.1568
7.66795 21.1598
7.67857 15.2005
7.70872 13.5784
7.71505 16.534
7.71984 17.941
7.73605 21.3601
7.74036 16.7638
7.75218 18.4222
7.7824 18.6488
7.78488 13.6545
7.79297 15.0718
7.80667 15.1115
7.81013 9.65532
7.82019 11.5748
7.82801 10.8325
7.85483 19.6571
7.86298 17.4931
7.88001 19.309
7.8918 21.0907
7.92186 21.9207
7.93596 15.5141
7.93664 15.3411
7.94129 13.8009
7.96852 14.4553
7.96873 10.7948
7.96962 11.6625
7.987 16.1814
7.99095 19.3542
8.0055 19.1031
8.01146 14.7019
8.02688 15.452
8.05815 18.5094
8.05856 11.5993
8.06407 11.0439
8.07355 19.0289
8.08976 19.2731
8.08983 14.3339
8.09298 9.90471
8.09402 19.0398
8.0951 18.681
8.09788 10.8971
8.12313 16.9272
8.12924 20.6836
8.14705 17.7756
8.15262 19.4111
8.15307 18.907
8.15332 20.4528
8.15583 15.479
8.15709 11.9066
8.16264 17.1829
8.17535 11.3061
8.18208 12.9274
8.19482 16.9173
8.20307 15.6997
8.20419 22.2805
8.2236 18.4039
8.26052 19.7845
8.26081 12.0722
8.28608 15.1271
8.29298 16.607
8.29551 19.7968
8.30638 10.3173
8.31232 16.4814
8.31446 10.0435
8.31545 15.1015
8.32402 19.0286
8.32636 14.1657
8.3397 20.1198
8.34054 11.47
8.35567 15.4466
8.36823 10.4753
8.38094 11.9751
8.3852 14.3368
8.392 13.2547
8.41863 15.1096
8.43818 21.8846
8.45476 13.0139
8.45967 15.0402
8.46056 18.4417
8.46218 16.6294
8.4644 11.2789
8.46989 21.9017
8.47349 10.7752
8.47385 16.203
8.48581 13.2532
8.51754 16.2395
8.53264 20.0727
8.54157 15.4452
8.55702 22.2115
8.60776 10.625
8.61809 15.9378
8.63467 11.699
8.63866 10.3866
8.64449 18.0359
8.65969 17.9335
8.66091 14.0186
8.67756 14.8234
8.68114 14.7483
8.68136 16.9825
8.68371 13.9386
8.72311 10.3742
8.75837 14.1132
8.76676 22.651
8.77246 18.2047
8.77922 22.1264
8.78738 20.464
8.80717 16.8737
8.83019 21.2161
8.85388 12.1651
8.86064 15.8909
8.8702 16.119
8.87194 19.8867
8.87576 22.2148
8.87914 11.372
8.8863 12.2321
8.89732 12.4495
8.90134 18.9616
8.91029 10.9122
8.91301 17.5768
8.92439 13.8249
8.93687 19.9719
8.93792 11.1611
8.94711 14.9991
8.94716 14.4804
8.94807 18.3222
8.98071 21.2421
8.99439 19.7836
8.99894 15.0343
9.00911 21.9222
9.01765 18.8638
9.02538 22.5551
9.03288 15.3186
9.04326 12.9035
9.04415 19.0154
9.06589 16.1414
9.07635 18.0364
9.07647 22.4522
9.08252 13.5942
9.08929 13.2569
9.09276 20.7844
9.09382 16.2534
9.09987 20.9571
9.11157 15.0355
9.12249 17.7737
9.12857 19.4712
9.13343 10.4796
9.16493 19.7533
9.16536 19.9329
9.18145 15.176
9.19254 23.2082
9.21356 15.5617
9.21534 13.1567
9.23158 18.9135
9.23982 16.9338
9.24028 17.0004
9.24328 17.638
9.25238 22.9917
9.2541 15.0305
9.26679 19.2474
9.2804 14.2575
9.29801 13.1527
9.3026 15.7076
9.31523 14.7698
9.31739 15.911
9.32766 13.4062
9.32852 15.6401
9.34841 11.3465
9.35349 12.8548
9.37604 10.503
9.38108 20.5494
9.38388 16.9715
9.43574 13.2476
9.46263 22.864
9.46534 14.9946
9.49171 21.8582
9.51535 23.8971
9.51763 23.1971
9.53117 23.2674
9.54372 17.9551
9.54608 19.9501
9.54721 13.0724
9.56039 14.0247
9.5613 11.631
9.56343 17.676
9.57132 18.603
9.57148 20.0171
9.5846 17.308
9.60572 14.2878
9.61284 22.2291
9.62796 12.4259
9.63078 18.7701
9.6328 23.2701
9.63952 24.2718
9.64102 20.4804
9.64747 18.6921
9.66776 17.0435
9.68339 21.1375
9.68532 20.548
9.70807 14.9616
9.72357 12.224
9.72672 24.7353
9.73292 15.7901
9.74615 14.6274
9.75116 15.2703
9.75245 16.9106
9.76399 22.1609
9.7649 23.2774
9.7885 14.2512
9.79597 11.6514
9.81359 16.3202
9.81641 10.7798
9.83368 22.4953
9.83749 11.5067
9.84413 12.7643
9.85615 23.7739
9.87558 11.8972
9.88238 15.8768
9.88744 20.4637
9.88919 12.7167
9.91144 15.935
9.93439 22.0135
9.9351 11.988
9.9419 24.9082
9.9523 18.7229
9.97834 13.3865
9.99183 18.935
9.99407 11.7019
9.99421 11.3315
