-6.27846 5.73825
-6.26328 5.71945
-6.25849 5.70287
-6.24618 5.68073
-6.23619 5.66957
-6.23516 5.66628
-6.23297 5.64819
-6.21776 5.61513
-6.20201 5.59052
-6.19538 5.56784
-6.18193 5.53523
-6.16724 5.51085
-6.16139 5.50282
-6.16057 5.49188
-6.1524 5.47858
-6.14972 5.46672
-6.14284 5.41987
-6.11293 5.35986
-6.09724 5.3172
-6.08168 5.26203
-6.05809 5.20886
-6.04502 5.18671
-6.04312 5.18312
-6.04262 5.17924
-6.04053 5.14366
-6.01913 5.11073
-6.01905 5.09602
-6.00968 5.07986
-6.00872 5.07402
-6.00598 5.048
-5.99233 4.99732
-5.97457 4.96113
-5.97028 4.91154
-5.94497 4.86792
-5.94459 4.85843
-5.93946 4.84575
-5.93724 4.83123
-5.9311 4.80125
-5.92011 4.75759
-5.90646 4.72437
-5.90159 4.64476
-5.86304 4.5712
-5.86213 4.55116
-5.85248 4.51357
-5.84247 4.40809
-5.79854 4.30578
-5.79121 4.21723
-5.75539 4.08615
-5.72869 4.01946
-5.72419 3.99818
-5.71883 3.97704
-5.71444 3.96494
-5.71327 3.95585
-5.71027 3.92602
-5.69964 3.88889
-5.6934 3.84531
-5.68 3.80619
-5.67588 3.79482
-5.67492 3.75739
-5.65927 3.68367
-5.64249 3.64375
-5.64185 3.63929
-5.64056 3.59083
-5.6209 3.5354
-5.61674 3.5124
-5.61109 3.4983
-5.61073 3.45032
-5.59077 3.39632
-5.58798 3.31706
-5.55776 3.23656
-5.5547 3.20009
-5.54282 3.16014
-5.53839 3.13359
-5.53203 3.07471
-5.51459 2.99247
-5.49903 2.94386
-5.49521 2.90583
-5.48395 2.79778
-5.45271 2.70426
-5.44745 2.69039
-5.44733 2.66166
-5.43634 2.47551
-5.37606 2.31233
-5.3745 2.19285
-5.33141 2.07243
-5.32975 1.95549
-5.28838 1.82553
-5.28219 1.75496
-5.26273 1.69725
-5.26127 1.68543
-5.25846 1.64656
-5.24722 1.59089
-5.23838 1.52985
-5.22528 1.43031
-5.20273 1.27782
-5.17094 1.11047
-5.14343 1.01886
-5.13859 0.974661
-5.12786 0.91865
-5.11889 0.801074
-5.0866 0.695888
-5.08206 0.621657
-5.06067 0.559173
-5.06024 0.556199
-5.05963 0.472028
-5.0309 0.345306
-5.0155 0.282636
-5.0091 0.205158
-4.98856 0.144619
-4.98805 0.124042
-4.98141 0.0287456
-4.95494 -0.0646582
-4.94896 -0.14953
-4.92545 -0.244906
-4.91581 -0.28411
-4.91182 -0.354617
-4.89128 -0.413933
-4.89117 -0.435786
-4.88367 -0.459996
-4.88274 -0.489696
-4.87332 -0.542134
-4.86446 -0.579072
-4.86043 -0.598392
-4.85771 -0.606806
-4.85749 -0.748992
-4.80798 -0.983873
-4.77505 -1.07951
-4.77427 -1.13742
-4.75458 -1.26254
-4.72992 -1.47305
-4.67947 -1.62558
-4.67516 -1.6554
-4.66871 -1.76395
-4.63583 -1.90542
-4.61716 -1.96186
-4.61515 -1.9688
-4.61461 -2.00109
-4.60328 -2.08427
-4.58391 -2.1847
-4.566 -2.29073
-4.54427 -2.36358
-4.53861 -2.38222
-4.53723 -2.39709
-4.53299 -2.42949
-4.52496 -2.45467
-4.52343 -2.48879
-4.51197 -2.52141
-4.511 -2.60311
-4.48062 -2.73181
-4.46122 -2.78946
-4.45814 -2.81417
-4.45154 -2.92593
-4.41401 -3.06595
-4.39564 -3.15744
-4.37698 -3.24083
-4.36154 -3.32359
-4.34278 -3.40428
-4.32785 -3.44117
-4.32727 -3.46562
-4.31751 -3.49876
-4.31321 -3.52395
-4.30677 -3.62388
-4.27016 -3.77664
-4.2398 -3.89479
-4.21718 -3.94983
-4.21477 -3.96009
-4.21248 -3.98603
-4.20283 -4.01057
-4.20115 -4.02793
-4.19478 -4.05109
-4.19036 -4.06146
-4.18994 -4.06918
-4.18674 -4.0842
-4.18289 -4.10772
-4.17566 -4.1504
-4.16263 -4.23252
-4.13614 -4.38001
-4.08972 -4.55507
-4.04618 -4.65287
-4.03768 -4.73278
-4.00223 -4.80255
-3.99857 -4.93186
-3.92632 -5.08158
-3.90688 -5.12507
-3.89839 -5.15831
-3.88508 -5.19194
-3.87598 -5.2111
-3.87215 -5.22548
-3.86617 -5.25278
-3.85329 -5.33854
-3.80468 -5.43196
-3.78295 -5.49046
-3.7579 -5.53079
-3.74947 -5.54813
-3.7431 -5.56839
-3.73185 -5.59091
-3.72314 -5.60243
-3.72147 -5.61285
-3.71362 -5.62421
-3.711 -5.62828
-3.70983 -5.65069
-3.68975 -5.67949
-3.68186 -5.69072
-3.67855 -5.70066
-3.67178 -5.7125
-3.6664 -5.74532
-3.63682 -5.77493
-3.63371 -5.7817
-3.62907 -5.78877
-3.62552 -5.79463
-3.6222 -5.8129
-3.60354 -5.83926
-3.58924 -5.85357
-3.58488 -5.86478
-3.57411 -5.88251
-3.5601 -5.8957
-3.55496 -5.89987
-3.55388 -5.90161
-3.55234 -5.90322
-3.55144 -5.90547
-3.54892 -5.93987
-3.4946 -5.97225
-3.4901 -5.9769
-3.48518 -5.98127
-3.48102 -5.99706
-3.44969 -6.01098
-3.44712 -6.01272
-3.44508 -6.01633
-3.43728 -6.02227
-3.42811 -6.02648
-3.4246 -6.0365
-3.39378 -6.04511
-3.39131 -6.04576
-3.39089 -6.04713
-3.38509 -6.05501
-3.34715 -6.0611
-3.3393 -6.06212
-3.33557 -6.06329
-3.32096 -6.06428
-3.29714 -6.06352
-3.28439 -6.06122
-3.2651 -6.05898
-3.26268 -6.05858
-3.26184 -6.05802
-3.25838 -6.05496
-3.24128 -6.04732
-3.21799 -6.0377
-3.20137 -6.01368
-3.14479 -5.98831
-3.13804 -5.97209
-3.11112 -5.95803
-3.11059 -5.95306
-3.10199 -5.94435
-3.09502 -5.92705
-3.07281 -5.91156
-3.0701 -5.90653
-3.06504 -5.902
-3.0632 -5.89105
-3.04882 -5.8788
-3.0455 -5.87472
-3.04309 -5.85497
-3.0187 -5.83373
-3.01526 -5.82808
-3.01156 -5.8028
-2.98447 -5.76859
-2.97173 -5.75628
-2.9707 -5.7551
-2.97043 -5.75463
-2.97018 -5.74896
-2.96422 -5.74195
-2.96256 -5.73983
-2.96194 -5.73402
-2.95634 -5.71299
-2.93989 -5.65183
-2.8958 -5.55322
-2.85025 -5.49113
-2.84322 -5.47869
-2.84011 -5.47134
-2.83729 -5.44019
-2.8154 -5.39948
-2.8057 -5.37024
-2.79332 -5.32881
-2.77516 -5.26748
-2.74957 -5.20473
-2.73189 -5.16365
-2.72203 -5.14019
-2.71644 -5.1316
-2.71641 -5.13
-2.7154 -5.11728
-2.70815 -5.10445
-2.70711 -5.10202
-2.70658 -5.09122
-2.7002 -5.08
-2.69942 -5.0616
-2.68856 -5.01427
-2.66991 -4.97566
-2.66487 -4.94575
-2.65186 -4.9236
-2.65161 -4.91823
-2.64867 -4.88483
-2.63193 -4.7886
-2.59336 -4.66812
-2.56499 -4.60865
-2.56121 -4.57313
-2.54613 -4.53169
-2.53941 -4.51877
-2.53938 -4.499
-2.52915 -4.47104
-2.52494 -4.44017
-2.51335 -4.26053
-2.43579 -4.09673
-2.43434 -4.07957
-2.42772 -4.01477
-2.40415 -3.8897
-2.37047 -3.79479
-2.36146 -3.76007
-2.35504 -3.74451
-2.35457 -3.70662
-2.33838 -3.62113
-2.31731 -3.55535
-2.31 -3.51859
-2.30159 -3.49103
-2.29827 -3.42027
-2.27171 -3.34243
-2.26565 -3.30604
-2.2566 -3.27177
-2.25148 -3.22548
-2.23756 -3.17208
-2.22963 -3.14498
-2.22653 -3.10656
-2.21407 -3.06074
-2.20804 -3.02273
-2.19881 -2.99909
-2.19857 -2.97816
-2.19045 -2.94121
-2.18387 -2.84273
-2.15157 -2.73642
-2.14223 -2.70845
-2.14069 -2.69956
-2.13878 -2.66324
-2.12663 -2.59113
-2.11099 -2.48948
-2.08774 -2.38337
-2.07072 -2.3209
-2.06419 -2.25316
-2.04532 -2.17327
-2.03437 -2.14322
-2.03415 -2.11134
-2.02255 -2.07873
-2.02207 -2.03186
-2.00525 -1.90849
-1.97676 -1.78986
-1.96196 -1.74595
-1.96081 -1.72452
-1.95419 -1.67503
-1.9429 -1.61575
-1.93279 -1.56976
-1.92634 -1.5261
-1.9171 -1.44549
-1.89746 -1.38735
-1.89632 -1.37757
-1.89397 -1.33579
-1.88143 -1.28223
-1.87491 -1.24272
-1.8674 -1.19289
-1.85724 -1.12292
-1.84264 -1.04808
-1.83081 -0.872705
-1.78095 -0.669592
-1.75964 -0.584776
-1.75133 -0.556584
-1.74981 -0.536609
-1.74436 -0.481747
-1.73068 -0.390421
-1.71255 -0.335885
-1.7117 -0.2267
-1.67458 -0.118865
-1.67421 -0.102414
-1.66886 -0.0659252
-1.66154 0.0289248
-1.63591 0.132218
-1.62565 0.162781
-1.62529 0.176735
-1.6208 0.200362
-1.61708 0.231616
-1.60993 0.253713
-1.60939 0.292608
-1.59641 0.346105
-1.59078 0.397332
-1.57857 0.546321
-1.53885 0.706091
-1.52278 0.786143
-1.51083 0.850016
-1.50038 0.89391
-1.49542 1.05923
-1.44215 1.22588
-1.4365 1.24682
-1.43472 1.29033
-1.42104 1.48795
-1.36412 1.66815
-1.35627 1.69093
-1.35588 1.75313
-1.33372 1.82825
-1.32858 1.87439
-1.31688 1.9075
-1.31648 1.99195
-1.28587 2.10504
-1.27476 2.14037
-1.27277 2.14697
-1.27231 2.2428
-1.23702 2.4133
-1.20816 2.50012
-1.20406 2.51357
-1.20303 2.52449
-1.19989 2.59
-1.17791 2.70093
-1.15706 2.77052
-1.15084 2.84993
-1.1259 3.00413
-1.08963 3.1029
-1.08624 3.17448
-1.06054 3.25517
-1.05321 3.28155
-1.04966 3.43119
-0.990603 3.62974
-0.964959 3.69174
-0.96362 3.70393
-0.959614 3.7142
-0.959111 3.74021
-0.948154 3.76714
-0.947209 3.77333
-0.945408 3.82625
-0.923585 4.03893
-0.847948 4.24857
-0.824162 4.2979
-0.823836 4.31558
-0.815433 4.34235
-0.810562 4.35719
-0.808035 4.41713
-0.780335 4.49755
-0.766875 4.59504
-0.729034 4.66715
-0.728204 4.6712
-0.726828 4.68725
-0.719434 4.70188
-0.718804 4.72229
-0.70816 4.74387
-0.706822 4.74926
-0.705151 4.77126
-0.694478 4.79783
-0.690134 4.80812
-0.688626 4.83166
-0.676641 4.85577
-0.674721 4.86229
-0.672856 4.87512
-0.667244 4.93172
-0.639354 5.03758
-0.602581 5.11906
-0.587683 5.15694
-0.577825 5.18979
-0.565802 5.23003
-0.550498 5.26429
-0.542084 5.29283
-0.530348 5.3129
-0.527732 5.31833
-0.526426 5.33163
-0.518065 5.34329
-0.517904 5.36362
-0.503002 5.38614
-0.501041 5.39169
-0.498799 5.43176
-0.470058 5.4769
-0.46304 5.51566
-0.438086 5.55334
-0.431115 5.58502
-0.410205 5.61527
-0.403794 5.6402
-0.386913 5.67398
-0.371221 5.71206
-0.348441 5.73927
-0.342638 5.74817
-0.33881 5.76551
-0.323426 5.79591
-0.303811 5.81283
-0.303232 5.82641
-0.28697 5.86397
-0.253953 5.89461
-0.243814 5.91533
-0.222212 5.93028
-0.219789 5.93251
-0.218491 5.965
-0.160098 6.00285
-0.138147 6.0251
-0.0988601 6.04056
-0.0859816 6.04823
-0.0655983 6.05514
-0.0485409 6.05912
-0.0373369 6.06044
-0.0370084 6.06127
-0.0287574 6.06301
-0.0138416 6.06393
-0.0109017 6.06429
0.00165339 6.06441
0.00298272 6.05963
0.0724106 6.04704
0.0887584 6.03913
0.105398 6.03262
0.11235 6.02751
0.122078 6.02355
0.124592 6.02084
0.130035 6.0138
0.144172 6.00453
0.154045 5.99375
0.169702 5.98017
0.18374 5.96748
0.195353 5.96143
0.195421 5.95301
0.210875 5.94221
0.214732 5.93717
0.219552 5.90907
0.259729 5.87152
0.27495 5.82874
0.315821 5.7703
0.344762 5.73968
0.349764 5.73492
0.349867 5.71945
0.366051 5.66675
0.402825 5.62144
0.409362 5.61391
0.409787 5.60495
0.41754 5.58306
0.429465 5.56048
0.437428 5.54499
0.442858 5.50658
0.469702 5.46814
0.474347 5.45636
0.47912 5.43924
0.487882 5.42339
0.491508 5.41086
0.497559 5.37243
0.520604 5.33486
0.525423 5.31235
0.536913 5.13675
0.644297 4.96522
0.646135 4.95087
0.652948 4.9213
0.66381 4.89741
0.667102 4.88407
0.671648 4.83859
0.693484 4.79025
0.69931 4.72438
0.730295 4.64919
0.740564 4.5379
0.789322 4.42431
0.799344 4.35842
0.822477 4.29109
0.832748 4.24804
0.843539 4.16473
0.872871 4.02469
0.909477 3.93099
0.91609 3.85909
0.942025 3.76275
0.959147 3.68942
0.974319 3.57091
1.01049 3.47385
1.01582 3.43307
1.02771 3.38135
1.03754 3.34634
1.04234 3.28223
1.06412 3.20728
1.07318 3.13077
1.09527 3.0602
1.10171 3.00658
1.11678 2.95712
1.12145 2.93465
1.12571 2.91306
1.13001 2.80659
1.16761 2.6894
1.17574 2.66627
1.17656 2.66184
1.17745 2.57148
1.21132 2.45441
1.22218 2.40816
1.22886 2.31823
1.25608 2.23162
1.26135 2.17301
1.27793 2.12615
1.27877 2.10285
1.28656 2.05969
1.29473 1.99354
1.31094 1.9324
1.31718 1.851
1.34069 1.77139
1.34618 1.62092
1.39509 1.47492
1.39869 1.45553
1.40203 1.36045
1.43264 1.26587
1.43571 1.23568
1.44336 1.17871
1.4559 1.10245
1.47033 1.01018
1.48845 0.951873
1.49086 0.850958
1.52389 0.748769
1.52669 0.715916
1.53539 0.664693
1.5446 0.610401
1.55436 0.562991
1.56115 0.532705
1.56492 0.513865
1.56772 0.499893
1.56979 0.46941
1.57834 0.423396
1.58582 0.381227
1.59302 0.316457
1.60836 0.26829
1.60978 0.237823
1.61896 0.159302
1.63707 0.105826
1.63754 0.0999665
1.63911 0.0592138
1.6517 0.0134905
1.65499 -0.0107291
1.66011 -0.0732358
1.67671 -0.140365
1.68344 -0.180747
1.69074 -0.239711
1.70393 -0.333867
1.72349 -0.44159
1.74144 -0.511329
1.7478 -0.562808
1.75939 -0.63471
1.7729 -0.675927
1.77379 -0.681608
1.77488 -0.74249
1.7951 -0.874135
1.82104 -0.96436
1.8268 -0.9976
1.83274 -1.06463
1.85044 -1.18366
1.87482 -1.31198
1.89599 -1.40511
1.90802 -1.45606
1.91421 -1.487
1.9191 -1.52438
1.92761 -1.61165
1.9505 -1.78388
1.98997 -1.91173
1.9971 -1.94182
2.00099 -1.99993
2.01845 -2.06633
2.02547 -2.11397
2.03609 -2.1755
2.04832 -2.22191
2.05338 -2.295
2.0757 -2.42784
2.1035 -2.50138
2.10363 -2.5076
2.10587 -2.51551
2.10665 -2.53121
2.11187 -2.54659
2.11253 -2.61621
2.13863 -2.7873
2.17897 -2.90393
2.18445 -2.93045
2.18948 -2.97942
2.20394 -3.04025
2.21382 -3.096
2.22639 -3.1887
2.2515 -3.25519
2.25363 -3.28557
2.26404 -3.31157
2.26439 -3.31838
2.26686 -3.35464
2.27948 -3.41932
2.29396 -3.45957
2.29645 -3.4914
2.30745 -3.60801
2.3465 -3.70381
2.34908 -3.76726
2.37453 -3.85344
2.38754 -3.91146
2.40076 -3.98164
2.41967 -4.10341
2.4576 -4.1957
2.46354 -4.20907
2.46404 -4.21241
2.46515 -4.22013
2.46777 -4.23043
2.47014 -4.24093
2.47286 -4.25566
2.47731 -4.28882
2.48911 -4.3192
2.49228 -4.33512
2.497 -4.37392
2.51167 -4.43123
2.52595 -4.46065
2.52668 -4.4959
2.54414 -4.59148
2.5769 -4.70044
2.60301 -4.75065
2.60467 -4.77359
2.61589 -4.83197
2.63793 -4.88993
2.64953 -4.98193
2.69316 -5.05447
2.69421 -5.07698
2.7074 -5.10409
2.71152 -5.1165
2.71541 -5.12726
2.71849 -5.13392
2.71975 -5.17432
2.74521 -5.21826
2.74928 -5.22815
2.75197 -5.24805
2.76302 -5.26739
2.76544 -5.30185
2.78749 -5.35545
2.80443 -5.3999
2.8209 -5.42205
2.82143 -5.4271
2.82482 -5.44554
2.8359 -5.49012
2.86072 -5.53023
2.86918 -5.55062
2.87814 -5.57446
2.88999 -5.59487
2.89632 -5.60253
2.8969 -5.60353
2.89723 -5.60832
2.90127 -5.62502
2.91263 -5.64609
2.92108 -5.65534
2.92147 -5.65588
2.9216 -5.66117
2.92659 -5.66959
2.92979 -5.68198
2.93882 -5.70008
2.948 -5.74273
2.98382 -5.79637
3.0084 -5.8244
3.01772 -5.84314
3.03227 -5.85989
3.03984 -5.88307
3.06464 -5.90026
3.06485 -5.91617
3.08937 -5.935
3.09542 -5.95471
3.12438 -5.97407
3.13234 -5.98416
3.14542 -5.99273
3.15115 -6.00027
3.16303 -6.00561
3.16415 -6.00663
3.16559 -6.0088
3.1697 -6.01511
3.18238 -6.02646
3.20289 -6.04258
3.24041 -6.05473
3.26197 -6.06177
3.30074 -6.06434
3.31192 -6.0639
3.33343 -6.06247
3.34061 -6.06171
3.34314 -6.05877
3.36751 -6.05408
3.37621 -6.05189
3.38 -6.04962
3.38792 -6.04774
3.38918 -6.04561
3.39752 -6.04212
3.40395 -6.04023
3.40507 -6.02414
3.45684 -6.00396
3.4617 -5.99076
3.48748 -5.97212
3.50129 -5.95787
3.51496 -5.94124
3.53112 -5.92409
3.54374 -5.91341
3.54821 -5.90905
3.55054 -5.89458
3.56995 -5.8658
3.59143 -5.83247
3.61382 -5.80677
3.62331 -5.78853
3.6354 -5.72785
3.68994 -5.64721
3.71678 -5.59448
3.73882 -5.55676
3.75016 -5.53737
3.75551 -5.52148
3.7636 -5.50014
3.77327 -5.47017
3.78799 -5.44639
3.79226 -5.42291
3.80634 -5.39908
3.81063 -5.39333
3.81072 -5.35128
3.84198 -5.3061
3.84375 -5.27264
3.86568 -5.21647
3.88264 -5.15564
3.90642 -5.10537
3.91547 -5.08911
3.91685 -5.08252
3.91967 -5.07437
3.92203 -5.04455
3.93843 -5.00019
3.94955 -4.97314
3.95495 -4.95459
3.96077 -4.93391
3.96736 -4.90005
3.98085 -4.86437
3.98827 -4.8217
4.00545 -4.79159
4.00546 -4.78262
4.01052 -4.76517
4.01529 -4.73478
4.0275 -4.61433
4.08074 -4.51305
4.0812 -4.50335
4.08578 -4.45387
4.10666 -4.37333
4.12659 -4.33189
4.12736 -4.31467
4.13511 -4.29321
4.13795 -4.26158
4.1506 -4.16896
4.18265 -4.02704
4.21749 -3.94122
4.22228 -3.92058
4.22691 -3.89283
4.23488 -3.85319
4.2448 -3.82173
4.249 -3.81205
4.24913 -3.80242
4.2533 -3.76786
4.26449 -3.73613
4.26734 -3.72814
4.26802 -3.71249
4.27422 -3.6967
4.27495 -3.6754
4.28353 -3.61642
4.30058 -3.56981
4.30364 -3.53673
4.31476 -3.47522
4.32983 -3.3922
4.34974 -3.30509
4.36613 -3.25744
4.36944 -3.22231
4.38057 -3.07586
4.42888 -2.951
4.43066 -2.92788
4.43806 -2.87707
4.45076 -2.804
4.46678 -2.66812
4.50362 -2.54368
4.51471 -2.42099
4.5503 -2.30726
4.55766 -2.28112
4.56011 -2.26901
4.5622 -2.23992
4.571 -2.20978
4.57346 -2.17505
4.58393 -2.146
4.58427 -2.1184
4.59417 -2.08062
4.59826 -1.98463
4.62954 -1.81174
4.6615 -1.64036
4.69166 -1.51485
4.70668 -1.45377
4.71355 -1.41877
4.71919 -1.38776
4.72462 -1.34689
4.73377 -1.21912
4.77002 -1.10947
4.7726 -1.08002
4.78042 -1.05323
4.78206 -1.0456
4.78312 -1.00304
4.79706 -0.950986
4.80144 -0.923458
4.80674 -0.904448
4.80812 -0.850125
4.82581 -0.698053
4.86138 -0.569479
4.87073 -0.469479
4.89625 -0.286984
4.93426 -0.166797
4.93804 -0.110803
4.95372 -0.0448813
4.96094 0.00229639
4.97011 0.0563
4.9797 0.140321
4.9993 0.344143
5.05059 0.533623
5.0653 0.635404
5.08611 0.705376
5.08975 0.769929
5.10871 0.911047
5.13926 1.04765
5.15679 1.11063
5.16149 1.14247
5.16805 1.17895
5.17441 1.21173
5.17967 1.28554
5.20062 1.39721
5.21945 1.46545
5.22501 1.53112
5.243 1.58376
5.24393 1.5943
5.24679 1.60828
5.24896 1.6345
5.25625 1.67952
5.26522 1.70778
5.26647 1.75665
5.28295 1.90369
5.32008 2.01548
5.32395 2.09248
5.34853 2.17271
5.35371 2.2132
5.36362 2.24376
5.36512 2.25216
5.36676 2.28673
5.37808 2.3734
5.39939 2.43061
5.39971 2.45918
5.41024 2.49721
5.41418 2.51333
5.41639 2.56756
5.43494 2.71109
5.47181 2.84083
5.4856 2.95923
5.51869 3.05692
5.52464 3.08441
5.52976 3.10802
5.53418 3.1199
5.53457 3.13842
5.54169 3.17494
5.54944 3.24546
5.57059 3.32683
5.58306 3.40315
5.60247 3.50372
5.62557 3.57094
5.63119 3.61595
5.645 3.70298
5.66913 3.77948
5.67874 3.81507
5.68499 3.84561
5.69242 3.89803
5.70866 3.9485
5.7154 3.96987
5.71846 3.99662
5.72774 4.027
5.73253 4.07267
5.74907 4.14161
5.76508 4.17834
5.76659 4.19002
5.77069 4.20257
5.77262 4.21867
5.77847 4.23198
5.77906 4.24783
5.78617 4.27422
5.79195 4.31503
5.80627 4.36905
5.81882 4.43972
5.84202 4.51096
5.85547 4.57906
5.87779 4.66183
5.89987 4.76247
5.93341 4.83062
5.93846 4.85226
5.9459 4.86691
5.94696 4.86969
5.94752 4.88184
5.95406 4.90439
5.96078 4.92059
5.96366 4.931
5.96698 4.96333
5.98311 5.00025
5.98945 5.04461
6.01065 5.09815
6.02334 5.12166
6.0258 5.18315
6.06405 5.26858
6.08418 5.29778
6.08465 5.30309
6.08797 5.3534
6.12142 5.41957
6.1379 5.44971
6.14498 5.48606
6.16718 5.56073
6.20807 5.63107
6.23042 5.6647
6.24008 5.67844
6.24389 5.71141
