0.00331549 3.88125
0.014009 3.88091
0.0180669 3.88015
0.0322848 3.87936
0.0328144 3.87908
0.0366084 3.87766
0.0509977 3.87608
0.0538795 3.87512
0.0599959 3.87326
0.0695768 3.87116
0.075824 3.86982
0.0787948 3.86933
0.0790444 3.8683
0.0853849 3.86435
0.101964 3.86123
0.102108 3.86118
0.102209 3.86042
0.105889 3.85861
0.111002 3.85703
0.113282 3.85634
0.114193 3.8553
0.11792 3.85358
0.121747 3.85218
0.123868 3.84883
0.135393 3.84537
0.137379 3.84404
0.140402 3.8397
0.152978 3.8341
0.159611 3.83192
0.160126 3.83064
0.163737 3.82676
0.172257 3.82375
0.172931 3.8173
0.190938 3.80833
0.197766 3.80192
0.207673 3.79797
0.207802 3.79483
0.215408 3.78265
0.236564 3.77318
0.236857 3.77004
0.243397 3.76628
0.244946 3.76379
0.24869 3.7579
0.25719 3.75346
0.257769 3.7435
0.276863 3.73232
0.279274 3.73078
0.279753 3.72749
0.285369 3.72424
0.285747 3.71826
0.296171 3.70928
0.301682 3.70384
0.305634 3.70009
0.308113 3.6961
0.312397 3.68591
0.325052 3.67372
0.332172 3.66852
0.333311 3.66769
0.333481 3.66334
0.340124 3.65763
0.342339 3.65084
0.350477 3.63675
0.363395 3.6223
0.371519 3.60228
0.391517 3.58025
0.401513 3.57252
0.401789 3.57109
0.403395 3.56715
0.406949 3.56382
0.407748 3.55909
0.413068 3.54285
0.42844 3.52537
0.434893 3.51961
0.43551 3.5187
0.43601 3.51351
0.441815 3.49764
0.455029 3.48623
0.455314 3.47895
0.463521 3.47167
0.463749 3.46741
0.468413 3.44192
0.492468 3.40838
0.505229 3.3959
0.505852 3.39433
0.506898 3.38793
0.512629 3.37649
0.51891 3.37023
0.519159 3.36918
0.519997 3.36254
0.526027 3.34867
0.534212 3.32176
0.553092 3.28496
0.570348 3.25938
0.577625 3.23594
0.592388 3.21951
0.5929 3.21631
0.59533 3.20918
0.599445 3.20129
0.602538 3.19652
0.603788 3.19323
0.605528 3.18904
0.607582 3.17875
0.614791 3.16646
0.618579 3.16188
0.618865 3.15172
0.627573 3.13827
0.630693 3.13019
0.634632 3.12174
0.638041 3.10679
0.647526 3.07995
0.660927 3.05263
0.670498 3.03676
0.674122 3.02703
0.678529 3.0176
0.681868 3.00489
0.688901 2.99409
0.690646 2.98488
0.696339 2.97398
0.699411 2.95763
0.709384 2.94477
0.709627 2.93509
0.717014 2.88477
0.748728 2.84264
0.749266 2.83897
0.751505 2.83322
0.753602 2.8179
0.763013 2.76172
0.795164 2.71684
0.795742 2.70027
0.807075 2.68303
0.808081 2.66587
0.819263 2.63414
0.830464 2.6149
0.832727 2.60966
0.834116 2.60387
0.836756 2.57603
0.853356 2.54972
0.854821 2.54536
0.856335 2.5307
0.864805 2.51651
0.865964 2.51194
0.867894 2.49915
0.874587 2.48437
0.877828 2.47922
0.878042 2.46419
0.88787 2.43135
0.899837 2.40693
0.903976 2.40029
0.904194 2.376
0.919835 2.35184
0.919905 2.34503
0.924242 2.33102
0.928951 2.29958
0.944414 2.27098
0.947194 2.26195
0.950147 2.25102
0.954112 2.24204
0.955825 2.2345
0.958864 2.22122
0.964183 2.20471
0.969217 2.1843
0.976935 2.16186
0.98317 2.13981
0.990588 2.11992
0.995428 2.10518
0.999642 2.09054
1.0044 2.07324
1.0102 2.04961
1.01877 2.032
1.02087 2.02053
1.0257 2.00827
1.02826 1.99505
1.03365 1.98419
1.03478 1.97732
1.03777 1.96955
1.03943 1.96056
1.04314 1.94814
1.04683 1.94104
1.04737 1.92547
1.05608 1.90662
1.05854 1.89171
1.06489 1.83332
1.0928 1.77538
1.09864 1.75913
1.1022 1.75227
1.10261 1.74789
1.10473 1.7441
1.1048 1.74234
1.10574 1.73036
1.1117 1.71964
1.11191 1.69167
1.12773 1.63336
1.14516 1.59724
1.14822 1.58748
1.15067 1.57736
1.15393 1.56976
1.15495 1.56303
1.15772 1.54933
1.16266 1.53626
1.16506 1.52059
1.17144 1.50078
1.17614 1.48357
1.18105 1.46904
1.18424 1.44842
1.19251 1.43328
1.19264 1.43021
1.19421 1.42654
1.19468 1.4189
1.19844 1.38857
1.21144 1.36486
1.21151 1.3371
1.22669 1.30771
1.22763 1.28251
1.24046 1.23128
1.25553 1.19198
1.26177 1.17396
1.26528 1.15435
1.27236 1.13756
1.27434 1.13041
1.27622 1.10683
1.28702 1.08639
1.2872 1.07215
1.29465 1.0552
1.29629 1.00279
1.32265 0.924753
1.33781 0.89571
1.33805 0.86119
1.35607 0.814082
1.36291 0.7959
1.36564 0.777341
1.37268 0.759408
1.37507 0.750367
1.37742 0.734978
1.38315 0.723258
1.38357 0.710845
1.38966 0.690158
1.39441 0.655871
1.40759 0.624822
1.41064 0.590326
1.42559 0.531119
1.44147 0.486102
1.44899 0.465349
1.45224 0.434279
1.46511 0.397855
1.47112 0.372611
1.47818 0.356363
1.47953 0.346719
1.48317 0.327947
1.48924 0.300529
1.49734 0.269837
1.5051 0.251068
1.50704 0.234629
1.51359 0.221881
1.51361 0.197867
1.52598 0.172086
1.52691 0.162914
1.53071 0.151149
1.53298 0.146589
1.53306 0.137388
1.53773 0.119715
1.54217 0.10948
1.543 0.0954119
1.54942 0.0724481
1.55484 0.0553055
1.55826 0.0478726
1.55867 0.0151433
1.57512 -0.0219106
1.57776 -0.0286158
1.57858 -0.0561915
1.59197 -0.096217
1.5992 -0.116703
1.60253 -0.12615
1.60407 -0.181524
1.63109 -0.264275
1.64678 -0.31405
1.65681 -0.333853
1.65702 -0.38904
1.68538 -0.446174
1.68663 -0.451467
1.68812 -0.525553
1.72512 -0.61173
1.733 -0.633743
1.73662 -0.657734
1.74554 -0.684532
1.75063 -0.699976
1.75362 -0.710769
1.75629 -0.720949
1.75896 -0.730969
1.76155 -0.741313
1.76439 -0.755522
1.76901 -0.772783
1.77346 -0.783952
1.77488 -0.797939
1.78082 -0.82261
1.78788 -0.855429
1.79814 -0.88356
1.80275 -0.899825
1.80676 -0.928536
1.81798 -0.949854
1.81807 -0.953712
1.82003 -0.965261
1.82422 -0.973617
1.82447 -0.975744
1.82535 -0.981703
1.82765 -1.00353
1.83698 -1.02477
1.83898 -1.05554
1.85345 -1.08575
1.85517 -1.09256
1.8571 -1.10464
1.86166 -1.1132
1.86171 -1.14487
1.87873 -1.17843
1.87982 -1.18451
1.88202 -1.18964
1.8826 -1.19135
1.88294 -1.23297
1.90519 -1.28524
1.9114 -1.30775
1.9175 -1.33288
1.92517 -1.34725
1.92539 -1.36547
1.93519 -1.42105
1.95608 -1.45969
1.95662 -1.49007
1.97301 -1.53054
1.97925 -1.59144
2.00731 -1.64339
2.00867 -1.66075
2.0172 -1.68375
2.0218 -1.69617
2.02431 -1.71186
2.0308 -1.72539
2.03209 -1.7592
2.05031 -1.80178
2.05677 -1.81775
2.05961 -1.82342
2.06007 -1.82584
2.06102 -1.83809
2.06723 -1.85579
2.07139 -1.86534
2.07284 -1.87187
2.07523 -1.92004
2.10132 -1.97732
2.10933 -2.01381
2.12325 -2.06597
2.14093 -2.09641
2.14181 -2.10479
2.14606 -2.11666
2.1491 -2.12182
2.14924 -2.13024
2.15429 -2.1391
2.1547 -2.14442
2.15758 -2.15192
2.15934 -2.16265
2.16423 -2.18622
2.174 -2.20697
2.1772 -2.21211
2.17722 -2.21242
2.17739 -2.21514
2.17893 -2.22147
2.18137 -2.22676
2.18226 -2.25485
2.19911 -2.287
2.20267 -2.30122
2.20819 -2.32131
2.21556 -2.3414
2.22114 -2.35613
2.22509 -2.39541
2.24676 -2.43953
2.25412 -2.45571
2.2575 -2.4945
2.28011 -2.53556
2.28524 -2.55349
2.29235 -2.58803
2.30902 -2.61581
2.31161 -2.62455
2.31512 -2.64107
2.3232 -2.66281
2.33047 -2.68954
2.34222 -2.71104
2.34588 -2.71894
2.34792 -2.72427
2.34973 -2.72689
2.34981 -2.75449
2.36985 -2.7842
2.37163 -2.79776
2.37991 -2.81023
2.38091 -2.82704
2.39253 -2.8462
2.39536 -2.85618
2.40011 -2.86302
2.40057 -2.8651
2.4017 -2.86706
2.40207 -2.87463
2.40749 -2.89682
2.41917 -2.92348
2.42825 -2.94528
2.43633 -2.96457
2.44358 -2.97395
2.44384 -2.99756
2.46265 -3.02586
2.46692 -3.03794
2.47262 -3.05009
2.47701 -3.08345
2.50072 -3.12022
2.50848 -3.16889
2.54365 -3.20902
2.54461 -3.21608
2.55013 -3.22303
2.55102 -3.22613
2.55301 -3.23037
2.55495 -3.23492
2.55725 -3.24405
2.56349 -3.25608
2.56859 -3.29146
2.59753 -3.32639
2.60292 -3.33825
2.60946 -3.34564
2.6104 -3.35208
2.61602 -3.36258
2.62118 -3.37622
2.63019 -3.38831
2.63387 -3.402
2.64476 -3.41835
2.6515 -3.42975
2.65723 -3.45457
2.67926 -3.4769
2.6827 -3.48493
2.68862 -3.50349
2.70472 -3.51894
2.70725 -3.52866
2.71668 -3.53801
2.71887 -3.54124
2.72074 -3.55502
2.73644 -3.56843
2.73808 -3.57264
2.74196 -3.57675
2.74352 -3.60107
2.77507 -3.63166
2.78676 -3.63962
2.78676 -3.64085
2.78859 -3.64337
2.79051 -3.65317
2.80342 -3.66755
2.81277 -3.67525
2.81562 -3.68166
2.82313 -3.68811
2.82619 -3.69583
2.83606 -3.70256
2.83761 -3.70693
2.84362 -3.72016
2.86113 -3.73867
2.87806 -3.7491
2.88141 -3.75186
2.88358 -3.75531
2.88841 -3.76467
2.90308 -3.77168
2.90341 -3.77629
2.91326 -3.78611
2.92587 -3.79219
2.92765 -3.79583
2.93477 -3.80117
2.94103 -3.80407
2.94221 -3.81907
2.98278 -3.83295
2.98402 -3.83964
3.00575 -3.84797
3.01474 -3.85052
3.01591 -3.8517
3.01965 -3.85585
3.03402 -3.86058
3.04191 -3.86348
3.049 -3.86531
3.05191 -3.86745
3.06168 -3.87226
3.08473 -3.87556
3.08857 -3.8761
3.0899 -3.87753
3.10416 -3.87914
3.11056 -3.88001
3.11895 -3.88055
3.12201 -3.88073
3.12366 -3.88102
3.13127 -3.88135
3.14191 -3.88142
3.14216 -3.88141
3.14316 -3.8812
3.159 -3.88074
3.16137 -3.88041
3.16724 -3.87993
3.17119 -3.87897
3.18275 -3.878
3.18439 -3.87729
3.19091 -3.87652
3.19269 -3.87554
3.20047 -3.87443
3.2027 -3.87383
3.20552 -3.87199
3.21693 -3.86962
3.22216 -3.86809
3.22677 -3.86714
3.22801 -3.86521
3.2379 -3.86105
3.25013 -3.85399
3.27063 -3.84815
3.27459 -3.84577
3.27983 -3.84424
3.28038 -3.8432
3.28368 -3.84024
3.29105 -3.83755
3.29311 -3.83546
3.29812 -3.82675
3.32087 -3.81378
3.33611 -3.80699
3.33937 -3.80346
3.34533 -3.8001
3.34795 -3.79593
3.35574 -3.79236
3.3567 -3.78971
3.36209 -3.78698
3.36317 -3.78628
3.36375 -3.78304
3.37068 -3.77832
3.37449 -3.77249
3.3836 -3.76151
3.39794 -3.75258
3.40198 -3.74776
3.40758 -3.73899
3.41904 -3.72833
3.42771 -3.71955
3.43509 -3.70159
3.45913 -3.68346
3.46555 -3.66796
3.48392 -3.65616
3.48398 -3.65134
3.49127 -3.64549
3.49282 -3.64243
3.49585 -3.63714
3.50067 -3.62873
3.50815 -3.62345
3.50831 -3.62067
3.51213 -3.61656
3.51417 -3.61345
3.51653 -3.61107
3.51752 -3.60884
3.51966 -3.60458
3.52346 -3.59472
3.53323 -3.58686
3.53415 -3.58435
3.5366 -3.58153
3.53792 -3.57904
3.53993 -3.57723
3.54032 -3.57142
3.5476 -3.56333
3.55091 -3.56064
3.5511 -3.55581
3.55713 -3.54577
3.5639 -3.53984
3.56462 -3.53533
3.56955 -3.53041
3.57074 -3.51684
3.58618 -3.50226
3.58839 -3.4868
3.60444 -3.47286
3.60465 -3.47213
3.60528 -3.46452
3.61337 -3.44749
3.62455 -3.42827
3.63471 -3.41766
3.63616 -3.39425
3.65978 -3.36858
3.66318 -3.36437
3.66414 -3.36032
3.66736 -3.35129
3.6734 -3.33838
3.68046 -3.32985
3.682 -3.32665
3.68366 -3.32402
3.68463 -3.3206
3.68707 -3.31736
3.68785 -3.30998
3.69436 -3.30038
3.69729 -3.2895
3.70497 -3.27715
3.70923 -3.27123
3.71065 -3.26417
3.71597 -3.23034
3.74239 -3.19449
3.74896 -3.18383
3.75203 -3.17528
3.75664 -3.16667
3.75972 -3.15897
3.76349 -3.15169
3.76616 -3.14721
3.76745 -3.13631
3.77571 -3.12105
3.78074 -3.10797
3.78701 -3.09396
3.79275 -3.08153
3.79758 -3.07386
3.79923 -3.03758
3.82781 -3.00248
3.82811 -2.99077
3.8373 -2.97233
3.84296 -2.96511
3.84307 -2.96207
3.84538 -2.94424
3.85722 -2.92728
3.85876 -2.91975
3.86311 -2.9017
3.87281 -2.88886
3.87306 -2.85552
3.89829 -2.81866
3.90095 -2.81255
3.90286 -2.79988
3.9104 -2.78386
3.91474 -2.77095
3.91992 -2.76356
3.92018 -2.72151
3.95047 -2.675
3.95359 -2.65337
3.96579 -2.63591
3.96589 -2.62501
3.97342 -2.61422
3.97343 -2.61249
3.97463 -2.60921
3.97572 -2.60365
3.97849 -2.58558
3.98823 -2.56656
3.99159 -2.54912
4.00018 -2.51308
4.01608 -2.48531
4.01889 -2.47686
4.02174 -2.46402
4.02747 -2.4548
4.02788 -2.45347
4.02836 -2.42426
4.04721 -2.39542
4.04734 -2.39315
4.04869 -2.38202
4.05461 -2.3673
4.05828 -2.36105
4.05867 -2.35401
4.06285 -2.34688
4.06329 -2.34588
4.06349 -2.34346
4.06486 -2.33595
4.06834 -2.3125
4.07994 -2.28823
4.08387 -2.27815
4.08636 -2.24911
4.10228 -2.21554
4.10752 -2.19931
4.11245 -2.17889
4.12026 -2.1589
4.12488 -2.13942
4.13231 -2.09772
4.1505 -2.06507
4.15226 -2.05274
4.158 -2.04249
4.15848 -2.03757
4.16097 -2.0334
4.161 -2.0264
4.1652 -2.01244
4.16943 -2.00132
4.1719 -1.99338
4.1742 -1.98657
4.17599 -1.98117
4.17744 -1.97622
4.17895 -1.9683
4.18217 -1.95799
4.18511 -1.94423
4.19037 -1.89587
4.21376 -1.82895
4.22969 -1.79751
4.23209 -1.78333
4.23793 -1.76832
4.24079 -1.7615
4.24187 -1.75445
4.24487 -1.73581
4.25262 -1.6839
4.27465 -1.63144
4.28253 -1.61471
4.28414 -1.59674
4.2927 -1.57973
4.29375 -1.57759
4.29391 -1.56359
4.30163 -1.50265
4.32807 -1.4542
4.32865 -1.45144
4.3296 -1.44195
4.33393 -1.42783
4.33743 -1.40187
4.34829 -1.36522
4.35765 -1.3157
4.37547 -1.26195
4.38701 -1.23704
4.38903 -1.23163
4.38995 -1.22868
4.39063 -1.22637
4.39121 -1.22003
4.39408 -1.19574
4.40437 -1.17118
4.40737 -1.16388
4.40832 -1.1594
4.40979 -1.15245
4.41207 -1.12059
4.42695 -1.09141
4.42777 -1.04782
4.4503 -0.97361
4.46738 -0.934282
4.47121 -0.925712
4.47193 -0.907524
4.48085 -0.889209
4.48163 -0.885489
4.48282 -0.880198
4.48443 -0.876155
4.48496 -0.846516
4.50009 -0.802192
4.50834 -0.786258
4.50848 -0.779608
4.51183 -0.762975
4.51722 -0.745595
4.52096 -0.728242
4.52633 -0.71262
4.52916 -0.706541
4.52952 -0.631621
4.56833 -0.536657
4.57903 -0.50478
4.5849 -0.481867
4.59094 -0.456667
4.59798 -0.41577
4.61214 -0.386328
4.61324 -0.37567
4.61766 -0.352751
4.6251 -0.322787
4.63316 -0.304667
4.63447 -0.294956
4.63818 -0.278547
4.64295 -0.266905
4.64419 -0.260149
4.64644 -0.251139
4.64885 -0.234338
4.65511 -0.214893
4.65888 -0.204893
4.66027 -0.201865
4.66044 -0.199565
4.66146 -0.195591
4.6625 -0.190631
4.66402 -0.142174
4.68749 -0.0943691
4.68866 -0.0565381
4.70698 -0.0132521
4.71097 0.00453363
4.71615 0.0163537
4.71706 0.026472
4.72136 0.053256
4.73086 0.0775322
4.73387 0.0920471
4.73834 0.111932
4.74412 0.133225
4.74932 0.145845
4.75063 0.152027
4.75251 0.163037
4.75631 0.179164
4.76082 0.211866
4.77318 0.240248
4.77547 0.255129
4.78086 0.273443
4.78493 0.322357
4.80614 0.390419
4.82015 0.419667
4.8213 0.432083
4.82659 0.454421
4.83288 0.487031
4.84352 0.516483
4.84819 0.52923
4.85014 0.534913
4.85114 0.548451
4.85719 0.562891
4.85866 0.570773
4.8613 0.588775
4.86804 0.604968
4.86974 0.639838
4.88625 0.679658
4.89056 0.692992
4.89323 0.701791
4.89517 0.719035
4.90227 0.744666
4.90861 0.785212
4.92358 0.825155
4.92965 0.879615
4.95236 0.93691
4.96001 0.955986
4.96249 0.96141
4.96289 0.990963
4.97823 1.05705
4.9982 1.0952
4.99868 1.09816
4.99978 1.15349
5.0285 1.21987
5.03569 1.25987
5.05025 1.28736
5.05068 1.29682
5.05542 1.3076
5.05658 1.31499
5.05947 1.32425
5.06165 1.33066
5.06298 1.33953
5.06652 1.34731
5.06726 1.35367
5.07001 1.36138
5.07149 1.37481
5.07741 1.39767
5.0841 1.41077
5.08465 1.41427
5.08604 1.42016
5.08791 1.42685
5.08975 1.44632
5.09871 1.46731
5.10141 1.47278
5.10175 1.47484
5.10257 1.47815
5.10359 1.4919
5.11024 1.50724
5.11216 1.52209
5.11855 1.5458
5.12547 1.57082
5.13262 1.5848
5.13335 1.58668
5.13368 1.59558
5.13837 1.60474
5.13887 1.60845
5.14047 1.62358
5.14744 1.63769
5.14848 1.65827
5.15916 1.69011
5.16667 1.70643
5.16851 1.71362
5.1708 1.74038
5.18391 1.76623
5.18572 1.76946
5.18578 1.77673
5.18993 1.80321
5.20116 1.83178
5.20659 1.84172
5.20698 1.85014
5.21152 1.8749
5.22153 1.9022
5.22761 1.92496
5.23501 1.93863
5.23573 1.96127
5.24851 2.04021
5.28325 2.10294
5.28667 2.11014
5.28767 2.11311
5.28849 2.12427
5.29454 2.13616
5.29582 2.15884
5.30857 2.19662
5.31934 2.23544
5.33294 2.2721
5.34254 2.29311
5.34632 2.30957
5.35307 2.32952
5.35915 2.33949
5.35949 2.3512
5.36672 2.37642
5.37588 2.39908
5.38153 2.42107
5.39034 2.44649
5.39834 2.46252
5.40101 2.47901
5.40935 2.49182
5.4096 2.50862
5.42068 2.53579
5.42801 2.56651
5.44169 2.61177
5.45933 2.63831
5.46024 2.70069
5.50376 2.77583
5.51473 2.79246
5.51605 2.80733
5.5258 2.82047
5.52588 2.82529
5.52942 2.83481
5.53304 2.84245
5.53519 2.84876
5.53783 2.86017
5.54387 2.89238
5.56257 2.93107
5.574 2.94944
5.57706 2.96781
5.58863 2.98819
5.59342 2.99891
5.59731 3.01153
5.6037 3.04295
5.62322 3.07512
5.63059 3.08698
5.63326 3.09608
5.63836 3.11297
5.64776 3.13341
5.6561 3.14458
5.65754 3.14918
5.66015 3.16526
5.6718 3.20445
5.69553 3.23816
5.70288 3.24806
5.70481 3.25752
5.71182 3.26536
5.71225 3.27006
5.71631 3.27598
5.71793 3.27942
5.71961 3.28814
5.72637 3.30762
5.73867 3.32336
5.74194 3.32809
5.74339 3.33291
5.74678 3.35475
5.7656 3.376
5.76871 3.38236
5.77226 3.3875
5.77412 3.3926
5.77767 3.4145
5.79766 3.44612
5.81247 3.47436
5.82979 3.51086
5.85565 3.53344
5.85737 3.54203
5.86643 3.55145
5.8693 3.57421
5.89614 3.60389
5.90937 3.61371
5.90986 3.61588
5.91243 3.62006
5.91582 3.63029
5.92721 3.64432
5.93652 3.65353
5.94112 3.66499
5.95425 3.67689
5.95997 3.69793
5.98922 3.71869
5.996 3.72679
6.00397 3.7317
6.00511 3.73372
6.00775 3.73714
6.0116 3.7394
6.01209 3.74076
6.01422 3.74555
6.02144 3.75664
6.03651 3.77499
6.06063 3.78929
6.06914 3.79764
6.08099 3.80325
6.08333 3.80511
6.08582 3.80645
6.08683 3.81398
6.10634 3.82214
6.11005 3.82463
6.1138 3.82738
6.11847 3.82941
6.12014 3.83153
6.12525 3.83361
6.12689 3.83709
6.137 3.84247
6.14587 3.84507
6.14658 3.84539
6.14709 3.84658
6.15115 3.85021
6.1615 3.85339
6.16438 3.85453
6.16646 3.85544
6.16841 3.85734
6.17513 3.85922
6.17725 3.85979
6.17789 3.86041
6.18031 3.86153
6.18354 3.86239
6.18472 3.86309
6.18722 3.86494
6.19488 3.86685
6.19816 3.8682
6.20314 3.86945
6.20613 3.87051
6.21031 3.87164
6.21407 3.87336
6.22351 3.87453
6.22368 3.87583
6.23564 3.87709
6.23633 3.87735
6.23845 3.87774
6.24085 3.878
6.24163 3.87916
6.25707 3.8803
6.26132 3.88052
6.2622 3.88082
6.26931 3.88121
6.27674 3.88135
