1 3.9666
1.002 3.81325
1.004 3.65968
1.006 3.50604
1.008 3.35248
1.01 3.19921
1.012 3.04646
1.014 2.89449
1.016 2.74363
1.018 2.59424
1.02 2.4468
1.022 2.30188
1.024 2.16017
1.026 2.02254
1.028 1.89009
1.03 1.76417
1.032 1.64647
1.034 1.53907
1.036 1.44445
1.038 1.36543
1.04 1.30501
1.042 1.26598
1.044 1.25048
1.046 1.25945
1.048 1.29245
1.05 1.34776
1.052 1.4228
1.054 1.51462
1.056 1.62037
1.058 1.73744
1.06 1.86367
1.062 1.99725
1.064 2.13672
1.066 2.28093
1.068 2.42893
1.07 2.57998
1.072 2.73348
1.074 2.88891
1.076 3.04589
1.078 3.20405
1.08 3.36313
1.082 3.52287
1.084 3.68307
1.086 3.84354
1.088 4.00412
1.09 4.16468
1.092 4.32509
1.094 4.48523
1.096 4.645
1.098 4.80431
1.1 4.96308
1.102 5.12121
1.104 5.27863
1.106 5.43528
1.108 5.59108
1.11 5.74599
1.112 5.89992
1.114 6.05283
1.116 6.20467
1.118 6.35538
1.12 6.50491
1.122 6.65321
1.124 6.80023
1.126 6.94594
1.128 7.09029
1.13 7.23323
1.132 7.37473
1.134 7.51475
1.136 7.65324
1.138 7.79017
1.14 7.92551
1.142 8.05922
1.144 8.19126
1.146 8.32161
1.148 8.45023
1.15 8.57709
1.152 8.70216
1.154 8.82541
1.156 8.94682
1.158 9.06635
1.16 9.18399
1.162 9.2997
1.164 9.41346
1.166 9.52526
1.168 9.63506
1.17 9.74284
1.172 9.84859
1.174 9.95228
1.176 10.0539
1.178 10.1534
1.18 10.2509
1.182 10.3461
1.184 10.4393
1.186 10.5303
1.188 10.6191
1.19 10.7058
1.192 10.7903
1.194 10.8725
1.196 10.9526
1.198 11.0304
1.2 11.106
1.202 11.1794
1.204 11.2505
1.206 11.3194
1.208 11.3861
1.21 11.4505
1.212 11.5126
1.214 11.5725
1.216 11.6301
1.218 11.6854
1.22 11.7385
1.222 11.7894
1.224 11.838
1.226 11.8843
1.228 11.9284
1.23 11.9703
1.232 12.0099
1.234 12.0473
1.236 12.0825
1.238 12.1155
1.24 12.1463
1.242 12.1749
1.244 12.2013
1.246 12.2256
1.248 12.2477
1.25 12.2676
1.252 12.2854
1.254 12.3012
1.256 12.3148
1.258 12.3263
1.26 12.3358
1.262 12.3432
1.264 12.3486
1.266 12.352
1.268 12.3534
1.27 12.3528
1.272 12.3503
1.274 12.3458
1.276 12.3395
1.278 12.3312
1.28 12.3211
1.282 12.3091
1.284 12.2954
1.286 12.2798
1.288 12.2624
1.29 12.2433
1.292 12.2225
1.294 12.2
1.296 12.1758
1.298 12.15
1.3 12.1226
1.302 12.0935
1.304 12.0629
1.306 12.0308
1.308 11.9971
1.31 11.962
1.312 11.9254
1.314 11.8873
1.316 11.8479
1.318 11.8071
1.32 11.7649
1.322 11.7214
1.324 11.6766
1.326 11.6306
1.328 11.5833
1.33 11.5348
1.332 11.4851
1.334 11.4342
1.336 11.3822
1.338 11.3291
1.34 11.2749
1.342 11.2196
1.344 11.1633
1.346 11.106
1.348 11.0477
1.35 10.9884
1.352 10.9282
1.354 10.8671
1.356 10.8051
1.358 10.7422
1.36 10.6785
1.362 10.6139
1.364 10.5485
1.366 10.4823
1.368 10.4154
1.37 10.3477
1.372 10.2792
1.374 10.2101
1.376 10.1402
1.378 10.0697
1.38 9.99845
1.382 9.92658
1.384 9.85406
1.386 9.78091
1.388 9.70715
1.39 9.63278
1.392 9.55781
1.394 9.48226
1.396 9.40614
1.398 9.32945
1.4 9.25221
1.402 9.17441
1.404 9.09608
1.406 9.01721
1.408 8.93782
1.41 8.8579
1.412 8.77746
1.414 8.69652
1.416 8.61507
1.418 8.53311
1.42 8.45065
1.422 8.3677
1.424 8.28426
1.426 8.20033
1.428 8.11591
1.43 8.03101
1.432 7.94563
1.434 7.85978
1.436 7.77345
1.438 7.68666
1.44 7.5994
1.442 7.51168
1.444 7.42351
1.446 7.3349
1.448 7.24585
1.45 7.15637
1.452 7.06646
1.454 6.97615
1.456 6.88545
1.458 6.79436
1.46 6.70291
1.462 6.61112
1.464 6.519
1.466 6.42659
1.468 6.3339
1.47 6.24098
1.472 6.14785
1.474 6.05455
1.476 5.96113
1.478 5.86764
1.48 5.77412
1.482 5.68065
1.484 5.58728
1.486 5.49409
1.488 5.40116
1.49 5.30858
1.492 5.21645
1.494 5.12488
1.496 5.03399
1.498 4.94391
1.5 4.85479
1.502 4.76677
1.504 4.68005
1.506 4.59479
1.508 4.51122
1.51 4.42954
1.512 4.35001
1.514 4.27287
1.516 4.19841
1.518 4.12692
1.52 4.05871
1.522 3.99412
1.524 3.93349
1.526 3.87719
1.528 3.82558
1.53 3.77905
1.532 3.73798
1.534 3.70275
1.536 3.67373
1.538 3.65127
1.54 3.63571
1.542 3.62734
1.544 3.62644
1.546 3.63322
1.548 3.64787
1.55 3.6705
1.552 3.70119
1.554 3.73995
1.556 3.78677
1.558 3.84155
1.56 3.90418
1.562 3.97449
1.564 4.05228
1.566 4.13734
1.568 4.22941
1.57 4.32825
1.572 4.43358
1.574 4.54513
1.576 4.66263
1.578 4.78581
1.58 4.91439
1.582 5.04814
1.584 5.18678
1.586 5.33009
1.588 5.47783
1.59 5.62978
1.592 5.78575
1.594 5.94552
1.596 6.10892
1.598 6.27576
1.6 6.44589
1.602 6.61913
1.604 6.79534
1.606 6.97439
1.608 7.15612
1.61 7.34043
1.612 7.52717
1.614 7.71625
1.616 7.90754
1.618 8.10094
1.62 8.29635
1.622 8.49368
1.624 8.69282
1.626 8.8937
1.628 9.09621
1.63 9.30028
1.632 9.50583
1.634 9.71278
1.636 9.92104
1.638 10.1305
1.64 10.3412
1.642 10.553
1.644 10.7658
1.646 10.9795
1.648 11.1942
1.65 11.4097
1.652 11.6259
1.654 11.8428
1.656 12.0603
1.658 12.2784
1.66 12.4971
1.662 12.7161
1.664 12.9355
1.666 13.1553
1.668 13.3752
1.67 13.5954
1.672 13.8158
1.674 14.0362
1.676 14.2566
1.678 14.4769
1.68 14.6972
1.682 14.9173
1.684 15.1373
1.686 15.3569
1.688 15.5762
1.69 15.7951
1.692 16.0136
1.694 16.2316
1.696 16.4491
1.698 16.6659
1.7 16.8821
1.702 17.0976
1.704 17.3123
1.706 17.5262
1.708 17.7393
1.71 17.9514
1.712 18.1625
1.714 18.3726
1.716 18.5816
1.718 18.7895
1.72 18.9962
1.722 19.2017
1.724 19.4059
1.726 19.6088
1.728 19.8103
1.73 20.0104
1.732 20.209
1.734 20.4062
1.736 20.6017
1.738 20.7956
1.74 20.9879
1.742 21.1785
1.744 21.3674
1.746 21.5544
1.748 21.7397
1.75 21.9231
1.752 22.1045
1.754 22.2841
1.756 22.4616
1.758 22.6371
1.76 22.8106
1.762 22.9819
1.764 23.1512
1.766 23.3182
1.768 23.4831
1.77 23.6457
1.772 23.8061
1.774 23.9641
1.776 24.1198
1.778 24.2732
1.78 24.4242
1.782 24.5727
1.784 24.7188
1.786 24.8625
1.788 25.0036
1.79 25.1422
1.792 25.2783
1.794 25.4117
1.796 25.5426
1.798 25.6709
1.8 25.7966
1.802 25.9196
1.804 26.0399
1.806 26.1576
1.808 26.2726
1.81 26.3848
1.812 26.4943
1.814 26.6011
1.816 26.7051
1.818 26.8064
1.82 26.9048
1.822 27.0005
1.824 27.0934
1.826 27.1836
1.828 27.2709
1.83 27.3554
1.832 27.4371
1.834 27.5159
1.836 27.592
1.838 27.6652
1.84 27.7357
1.842 27.8033
1.844 27.8681
1.846 27.9301
1.848 27.9892
1.85 28.0456
1.852 28.0992
1.854 28.15
1.856 28.198
1.858 28.2432
1.86 28.2857
1.862 28.3254
1.864 28.3624
1.866 28.3966
1.868 28.4281
1.87 28.4569
1.872 28.483
1.874 28.5065
1.876 28.5272
1.878 28.5453
1.88 28.5608
1.882 28.5737
1.884 28.584
1.886 28.5917
1.888 28.5968
1.89 28.5994
1.892 28.5995
1.894 28.5971
1.896 28.5922
1.898 28.5849
1.9 28.5751
1.902 28.563
1.904 28.5484
1.906 28.5315
1.908 28.5123
1.91 28.4908
1.912 28.4669
1.914 28.4409
1.916 28.4126
1.918 28.3821
1.92 28.3494
1.922 28.3146
1.924 28.2777
1.926 28.2386
1.928 28.1976
1.93 28.1545
1.932 28.1093
1.934 28.0623
1.936 28.0132
1.938 27.9623
1.94 27.9095
1.942 27.8548
1.944 27.7983
1.946 27.74
1.948 27.6799
1.95 27.6182
1.952 27.5547
1.954 27.4895
1.956 27.4227
1.958 27.3543
1.96 27.2844
1.962 27.2129
1.964 27.1398
1.966 27.0653
1.968 26.9894
1.97 26.912
1.972 26.8333
1.974 26.7532
1.976 26.6718
1.978 26.5891
1.98 26.5051
1.982 26.4199
1.984 26.3335
1.986 26.246
1.988 26.1573
1.99 26.0675
1.992 25.9767
1.994 25.8848
1.996 25.792
1.998 25.6981
2 25.6033
2.002 25.5077
2.004 25.4111
2.006 25.3137
2.008 25.2156
2.01 25.1166
2.012 25.0169
2.014 24.9165
2.016 24.8154
2.018 24.7136
2.02 24.6113
2.022 24.5084
2.024 24.4049
2.026 24.3009
2.028 24.1964
2.03 24.0915
2.032 23.9862
2.034 23.8805
2.036 23.7744
2.038 23.668
2.04 23.5614
2.042 23.4545
2.044 23.3474
2.046 23.2401
2.048 23.1327
2.05 23.0251
2.052 22.9175
2.054 22.8098
2.056 22.7022
2.058 22.5945
2.06 22.487
2.062 22.3795
2.064 22.2721
2.066 22.165
2.068 22.058
2.07 21.9513
2.072 21.8448
2.074 21.7387
2.076 21.6329
2.078 21.5275
2.08 21.4225
2.082 21.318
2.084 21.214
2.086 21.1105
2.088 21.0076
2.09 20.9053
2.092 20.8036
2.094 20.7026
2.096 20.6023
2.098 20.5028
2.1 20.404
2.102 20.3061
2.104 20.2091
2.106 20.1129
2.108 20.0177
2.11 19.9235
2.112 19.8302
2.114 19.738
2.116 19.6469
2.118 19.5569
2.12 19.4681
2.122 19.3804
2.124 19.2939
2.126 19.2087
2.128 19.1247
2.13 19.0421
2.132 18.9608
2.134 18.8809
2.136 18.8023
2.138 18.7252
2.14 18.6496
2.142 18.5754
2.144 18.5027
2.146 18.4315
2.148 18.3619
2.15 18.2939
2.152 18.2274
2.154 18.1626
2.156 18.0993
2.158 18.0378
2.16 17.9778
2.162 17.9196
2.164 17.863
2.166 17.8081
2.168 17.7548
2.17 17.7033
2.172 17.6535
2.174 17.6053
2.176 17.5589
2.178 17.5142
2.18 17.4711
2.182 17.4298
2.184 17.3901
2.186 17.352
2.188 17.3157
2.19 17.2809
2.192 17.2478
2.194 17.2163
2.196 17.1864
2.198 17.158
2.2 17.1311
2.202 17.1058
2.204 17.0819
2.206 17.0594
2.208 17.0384
2.21 17.0187
2.212 17.0004
2.214 16.9834
2.216 16.9676
2.218 16.953
2.22 16.9396
2.222 16.9274
2.224 16.9162
2.226 16.9061
2.228 16.8969
2.23 16.8886
2.232 16.8813
2.234 16.8748
2.236 16.869
2.238 16.864
2.24 16.8596
2.242 16.8559
2.244 16.8527
2.246 16.85
2.248 16.8477
2.25 16.8458
2.252 16.8443
2.254 16.843
2.256 16.8419
2.258 16.841
2.26 16.8402
2.262 16.8394
2.264 16.8386
2.266 16.8377
2.268 16.8367
2.27 16.8354
2.272 16.834
2.274 16.8322
2.276 16.8301
2.278 16.8276
2.28 16.8246
2.282 16.8211
2.284 16.8171
2.286 16.8124
2.288 16.8071
2.29 16.8011
2.292 16.7943
2.294 16.7868
2.296 16.7783
2.298 16.769
2.3 16.7588
2.302 16.7476
2.304 16.7354
2.306 16.7221
2.308 16.7078
2.31 16.6923
2.312 16.6757
2.314 16.6579
2.316 16.6389
2.318 16.6186
2.32 16.5971
2.322 16.5742
2.324 16.55
2.326 16.5245
2.328 16.4975
2.33 16.4692
2.332 16.4394
2.334 16.4081
2.336 16.3754
2.338 16.3411
2.34 16.3053
2.342 16.268
2.344 16.2292
2.346 16.1887
2.348 16.1467
2.35 16.103
2.352 16.0578
2.354 16.0109
2.356 15.9623
2.358 15.9121
2.36 15.8602
2.362 15.8065
2.364 15.7512
2.366 15.6942
2.368 15.6355
2.37 15.575
2.372 15.5128
2.374 15.4488
2.376 15.3831
2.378 15.3157
2.38 15.2464
2.382 15.1755
2.384 15.1027
2.386 15.0282
2.388 14.952
2.39 14.874
2.392 14.7942
2.394 14.7128
2.396 14.6297
2.398 14.5449
2.4 14.4584
2.402 14.3704
2.404 14.2808
2.406 14.1896
2.408 14.097
2.41 14.0031
2.412 13.9078
2.414 13.8112
2.416 13.7136
2.418 13.615
2.42 13.5154
2.422 13.4152
2.424 13.3144
2.426 13.2132
2.428 13.1119
2.43 13.0107
2.432 12.9097
2.434 12.8095
2.436 12.7102
2.438 12.6121
2.44 12.5159
2.442 12.4217
2.444 12.3302
2.446 12.2418
2.448 12.1571
2.45 12.0767
2.452 12.0012
2.454 11.9315
2.456 11.8682
2.458 11.8121
2.46 11.7641
2.462 11.7251
2.464 11.6961
2.466 11.678
2.468 11.6718
2.47 11.6786
2.472 11.6993
2.474 11.7351
2.476 11.787
2.478 11.8561
2.48 11.9432
2.482 12.0493
2.484 12.1754
2.486 12.3223
2.488 12.4907
2.49 12.6813
2.492 12.8947
2.494 13.1313
2.496 13.3917
2.498 13.6762
2.5 13.985
2.502 14.3182
2.504 14.676
2.506 15.0585
2.508 15.4656
2.51 15.8972
2.512 16.3532
2.514 16.8336
2.516 17.3381
2.518 17.8665
2.52 18.4187
2.522 18.9944
2.524 19.5934
2.526 20.2155
2.528 20.8605
2.53 21.528
2.532 22.2181
2.534 22.9303
2.536 23.6645
2.538 24.4204
2.54 25.198
2.542 25.9969
2.544 26.8171
2.546 27.6582
2.548 28.5202
2.55 29.4029
2.552 30.306
2.554 31.2295
2.556 32.1731
2.558 33.1367
2.56 34.1201
2.562 35.1232
2.564 36.1458
2.566 37.1877
2.568 38.2488
2.57 39.3289
2.572 40.4278
2.574 41.5454
2.576 42.6815
2.578 43.8359
2.58 45.0084
2.582 46.1988
2.584 47.407
2.586 48.6327
2.588 49.8757
2.59 51.1359
2.592 52.4129
2.594 53.7067
2.596 55.0168
2.598 56.3432
2.6 57.6855
2.602 59.0436
2.604 60.4171
2.606 61.8057
2.608 63.2093
2.61 64.6275
2.612 66.06
2.614 67.5065
2.616 68.9667
2.618 70.4404
2.62 71.9271
2.622 73.4266
2.624 74.9384
2.626 76.4623
2.628 77.998
2.63 79.5449
2.632 81.1028
2.634 82.6713
2.636 84.2499
2.638 85.8384
2.64 87.4362
2.642 89.043
2.644 90.6584
2.646 92.2819
2.648 93.9131
2.65 95.5515
2.652 97.1968
2.654 98.8483
2.656 100.506
2.658 102.169
2.66 103.837
2.662 105.509
2.664 107.185
2.666 108.865
2.668 110.547
2.67 112.233
2.672 113.92
2.674 115.608
2.676 117.298
2.678 118.988
2.68 120.678
2.682 122.367
2.684 124.055
2.686 125.741
2.688 127.425
2.69 129.106
2.692 130.784
2.694 132.458
2.696 134.127
2.698 135.792
2.7 137.45
2.702 139.103
2.704 140.749
2.706 142.388
2.708 144.019
2.71 145.641
2.712 147.255
2.714 148.859
2.716 150.453
2.718 152.036
2.72 153.609
2.722 155.169
2.724 156.717
2.726 158.253
2.728 159.775
2.73 161.283
2.732 162.776
2.734 164.255
2.736 165.718
2.738 167.164
2.74 168.595
2.742 170.008
2.744 171.403
2.746 172.78
2.748 174.139
2.75 175.478
2.752 176.798
2.754 178.097
2.756 179.376
2.758 180.633
2.76 181.869
2.762 183.083
2.764 184.274
2.766 185.443
2.768 186.588
2.77 187.709
2.772 188.805
2.774 189.877
2.776 190.924
2.778 191.945
2.78 192.941
2.782 193.91
2.784 194.852
2.786 195.768
2.788 196.656
2.79 197.516
2.792 198.349
2.794 199.153
2.796 199.928
2.798 200.674
2.8 201.392
2.802 202.079
2.804 202.737
2.806 203.365
2.808 203.963
2.81 204.53
2.812 205.067
2.814 205.573
2.816 206.048
2.818 206.491
2.82 206.903
2.822 207.284
2.824 207.633
2.826 207.95
2.828 208.236
2.83 208.489
2.832 208.71
2.834 208.9
2.836 209.057
2.838 209.182
2.84 209.274
2.842 209.334
2.844 209.363
2.846 209.358
2.848 209.322
2.85 209.253
2.852 209.153
2.854 209.02
2.856 208.855
2.858 208.658
2.86 208.43
2.862 208.17
2.864 207.878
2.866 207.555
2.868 207.201
2.87 206.815
2.872 206.399
2.874 205.952
2.876 205.475
2.878 204.967
2.88 204.429
2.882 203.861
2.884 203.264
2.886 202.638
2.888 201.982
2.89 201.298
2.892 200.585
2.894 199.845
2.896 199.076
2.898 198.28
2.9 197.457
2.902 196.607
2.904 195.731
2.906 194.828
2.908 193.9
2.91 192.947
2.912 191.969
2.914 190.966
2.916 189.94
2.918 188.889
2.92 187.816
2.922 186.72
2.924 185.601
2.926 184.461
2.928 183.299
2.93 182.116
2.932 180.913
2.934 179.69
2.936 178.447
2.938 177.185
2.94 175.905
2.942 174.607
2.944 173.291
2.946 171.959
2.948 170.61
2.95 169.245
2.952 167.864
2.954 166.469
2.956 165.059
2.958 163.636
2.96 162.199
2.962 160.749
2.964 159.287
2.966 157.814
2.968 156.329
2.97 154.834
2.972 153.328
2.974 151.814
2.976 150.29
2.978 148.757
2.98 147.217
2.982 145.67
2.984 144.115
2.986 142.554
2.988 140.988
2.99 139.416
2.992 137.84
2.994 136.26
2.996 134.675
2.998 133.088
