1.02866 -1.56267
1.03941 -1.5722
1.04085 -1.57346
1.068 -1.59698
1.07274 -1.60101
1.07646 -1.60416
1.08884 -1.61455
1.09173 -1.61694
1.09417 -1.61897
1.10391 -1.62698
1.13183 -1.64939
1.15242 -1.66541
1.15263 -1.66556
1.15629 -1.66837
1.15672 -1.66869
1.16141 -1.67226
1.16385 -1.67411
1.16654 -1.67613
1.17189 -1.68014
1.17906 -1.68546
1.17997 -1.68614
1.18349 -1.68873
1.23051 -1.72204
1.23849 -1.72746
1.24312 -1.73056
1.24494 -1.73178
1.2581 -1.74046
1.26305 -1.74367
1.26548 -1.74524
1.27152 -1.7491
1.27951 -1.75415
1.28195 -1.75568
1.2943 -1.76331
1.2981 -1.76563
1.30311 -1.76865
1.33317 -1.78618
1.34017 -1.79011
1.34427 -1.79238
1.35901 -1.80041
1.37042 -1.80643
1.38286 -1.81283
1.3867 -1.81477
1.39752 -1.82013
1.40199 -1.8223
1.42614 -1.83363
1.44926 -1.84381
1.4548 -1.84615
1.45944 -1.84808
1.47152 -1.85299
1.47498 -1.85436
1.50118 -1.86426
1.52458 -1.87239
1.53525 -1.87586
1.54298 -1.87829
1.54403 -1.87861
1.54884 -1.88008
1.55827 -1.88287
1.56555 -1.88494
1.5697 -1.88609
1.57472 -1.88746
1.58405 -1.88991
1.60629 -1.89531
1.60907 -1.89594
1.61414 -1.89707
1.62768 -1.89991
1.6514 -1.90432
1.65258 -1.90451
1.67118 -1.90744
1.68335 -1.9091
1.68511 -1.90933
1.69572 -1.9106
1.70491 -1.91159
1.71279 -1.91235
1.71499 -1.91255
1.71996 -1.91297
1.72433 -1.91331
1.76023 -1.91521
1.76919 -1.91542
1.77535 -1.9155
1.80426 -1.91524
1.80989 -1.91506
1.81464 -1.91488
1.81823 -1.91472
1.83087 -1.91404
1.83862 -1.91351
1.83869 -1.91351
1.84814 -1.91276
1.85741 -1.91192
1.86167 -1.9115
1.8657 -1.91107
1.86788 -1.91083
1.87888 -1.90954
1.89611 -1.9072
1.90713 -1.9055
1.9074 -1.90545
1.92297 -1.90278
1.93154 -1.90118
1.93292 -1.90091
1.93463 -1.90057
1.93822 -1.89986
1.94379 -1.89872
1.95958 -1.89526
1.97948 -1.89046
1.98199 -1.88981
1.99105 -1.88743
2.01528 -1.88054
2.0159 -1.88035
2.03865 -1.87319
2.04729 -1.8703
2.04755 -1.87021
2.04892 -1.86974
2.06692 -1.86338
2.08018 -1.85843
2.08455 -1.85675
2.11886 -1.84275
2.12524 -1.83999
2.13425 -1.83601
2.14017 -1.83333
2.14801 -1.82973
2.1566 -1.82569
2.16141 -1.82339
2.16485 -1.82173
2.18796 -1.8102
2.2033 -1.80219
2.22277 -1.79162
2.23111 -1.78696
2.24111 -1.78126
2.24153 -1.78102
2.25855 -1.77104
2.29385 -1.74929
2.30294 -1.74345
2.30883 -1.73963
2.32158 -1.7312
2.32864 -1.72647
2.34677 -1.71403
2.34986 -1.71188
2.36748 -1.69939
2.38298 -1.68813
2.38631 -1.68568
2.39525 -1.67903
2.3989 -1.67629
2.40655 -1.67051
2.4098 -1.66804
2.43798 -1.64611
2.44534 -1.64024
2.45092 -1.63576
2.4551 -1.63238
2.45568 -1.63191
2.45975 -1.6286
2.46242 -1.62642
2.46714 -1.62255
2.47697 -1.61442
2.48241 -1.60987
2.48466 -1.60798
2.49146 -1.60225
2.49157 -1.60215
2.51531 -1.58177
2.53005 -1.56883
2.53624 -1.56335
2.54461 -1.55586
2.54592 -1.55469
2.55488 -1.54659
2.55999 -1.54194
2.56302 -1.53917
2.58445 -1.51934
2.58676 -1.51718
2.59104 -1.51316
2.59539 -1.50906
2.62832 -1.47747
2.63591 -1.47005
2.63758 -1.46841
2.63927 -1.46675
2.6406 -1.46545
2.66921 -1.43693
2.67502 -1.43106
2.67981 -1.42621
2.68409 -1.42185
2.69907 -1.40647
2.69998 -1.40553
2.72457 -1.37989
2.72704 -1.37729
2.72838 -1.37587
2.74063 -1.3629
2.74143 -1.36204
2.74435 -1.35893
2.74542 -1.35779
2.7523 -1.35041
2.75272 -1.34997
2.75345 -1.34919
2.76334 -1.33853
2.7713 -1.3299
2.77355 -1.32745
2.77835 -1.32222
2.78603 -1.31381
2.7931 -1.30604
2.79458 -1.3044
2.80328 -1.29478
2.80648 -1.29123
2.81063 -1.28661
2.8214 -1.27457
2.82264 -1.27318
2.82349 -1.27223
2.82493 -1.27061
2.83486 -1.25942
2.84009 -1.2535
2.8655 -1.22449
2.8657 -1.22426
2.89355 -1.19202
2.89458 -1.19082
2.90724 -1.176
2.91955 -1.16151
2.92732 -1.15233
2.93192 -1.14686
2.94211 -1.13474
2.94334 -1.13327
2.94372 -1.13282
2.95556 -1.11865
2.9576 -1.1162
2.95982 -1.11354
2.9599 -1.11344
2.96542 -1.1068
2.98111 -1.08784
2.99094 -1.07591
2.99989 -1.06499
3.01633 -1.04487
3.01692 -1.04414
3.0185 -1.0422
3.0222 -1.03765
3.02517 -1.034
3.03859 -1.01743
3.05621 -0.99556
3.05842 -0.992816
3.07144 -0.976573
3.07242 -0.97535
3.07286 -0.974793
3.07384 -0.973571
3.07472 -0.972473
3.10708 -0.931803
3.10939 -0.928897
3.11931 -0.916347
3.14486 -0.883911
3.16302 -0.860758
3.18331 -0.834777
3.18955 -0.826772
3.20569 -0.806021
3.25037 -0.748336
3.25427 -0.743286
3.25969 -0.736275
3.27236 -0.719841
3.27757 -0.713094
3.28446 -0.704147
3.28657 -0.701412
3.29945 -0.684671
3.3188 -0.659526
3.32648 -0.649534
3.32713 -0.648687
3.3284 -0.647034
3.33533 -0.638016
3.34255 -0.628617
3.36171 -0.603694
3.36876 -0.594516
3.37012 -0.592752
3.37214 -0.590122
3.37511 -0.586254
3.37795 -0.582564
3.39691 -0.557903
3.41431 -0.535289
3.42344 -0.52343
3.42957 -0.515474
3.43642 -0.506587
3.44085 -0.500845
3.4709 -0.461947
3.48206 -0.447534
3.48227 -0.44726
3.49175 -0.435039
3.49919 -0.42545
3.50068 -0.42354
3.50172 -0.42219
3.50387 -0.419428
3.5145 -0.405759
3.52198 -0.396156
3.55396 -0.355248
3.55403 -0.355161
3.56399 -0.342472
3.56454 -0.341775
3.56986 -0.335006
3.57357 -0.330297
3.58234 -0.319168
3.584 -0.317066
3.58953 -0.310061
3.58986 -0.309646
3.60449 -0.291164
3.60665 -0.288452
3.60958 -0.284761
3.61391 -0.27931
3.61755 -0.274732
3.62287 -0.268053
3.62329 -0.267533
3.62369 -0.267029
3.62594 -0.264209
3.62806 -0.261552
3.63705 -0.250307
3.63725 -0.250051
3.64534 -0.239951
3.6556 -0.227191
3.66474 -0.215846
3.67059 -0.208607
3.6718 -0.207117
3.67202 -0.20684
3.67552 -0.202512
3.68522 -0.19056
3.68785 -0.187331
3.69376 -0.180072
3.71206 -0.157691
3.72568 -0.141139
3.72771 -0.138684
3.74869 -0.113373
3.77291 -0.0844381
3.79457 -0.0588079
3.79659 -0.0564424
3.8003 -0.0520834
3.8019 -0.0501999
3.80773 -0.0433722
3.81897 -0.0302713
3.82679 -0.0211858
3.8281 -0.0196767
3.83404 -0.0128049
3.84574 0.000653923
3.84853 0.00384651
3.91211 0.0753634
3.91846 0.0823565
3.93087 0.0959394
3.93688 0.102481
3.94976 0.116418
3.95869 0.125997
3.96961 0.137644
3.9786 0.147165
3.9849 0.153793
3.98743 0.156456
3.99122 0.160421
3.99287 0.162148
3.99873 0.168251
4.03166 0.202067
4.03518 0.205623
4.06893 0.239264
4.12927 0.296949
4.13893 0.305882
4.15039 0.316361
4.15742 0.322734
4.17975 0.342665
4.18109 0.343844
4.19772 0.35836
4.20256 0.362537
4.20298 0.362898
4.20582 0.365329
4.20888 0.367947
4.22127 0.378449
4.23243 0.387779
4.24386 0.397201
4.24407 0.397374
4.25977 0.410105
4.27864 0.425066
4.28449 0.429628
4.30326 0.444033
4.30817 0.447733
4.33077 0.464462
4.33273 0.465886
4.35199 0.479666
4.36811 0.490885
4.37519 0.49572
4.37872 0.498116
4.38216 0.500431
4.39377 0.508153
4.40413 0.514912
4.40457 0.515202
4.4088 0.517923
4.41496 0.521852
4.41811 0.523847
4.44296 0.539179
4.44371 0.539629
4.46685 0.553246
4.47264 0.556552
4.47701 0.559027
4.49278 0.567758
4.49615 0.569586
4.50011 0.571716
4.5071 0.575429
4.51544 0.579787
4.52176 0.583036
4.52513 0.584747
4.52592 0.585149
4.52867 0.586531
4.53071 0.587553
4.53441 0.589391
4.54318 0.593684
4.54726 0.595651
4.54935 0.59665
4.56258 0.602847
4.57257 0.607391
4.57891 0.610211
4.57975 0.610579
4.58873 0.614479
4.61017 0.623387
4.63645 0.633527
4.65881 0.641478
4.6727 0.646102
4.68186 0.649018
4.68375 0.649607
4.70252 0.655208
4.70958 0.657197
4.72209 0.660569
4.73652 0.664209
4.7397 0.664974
4.74465 0.666143
4.74528 0.666288
4.7507 0.667526
4.75353 0.668157
4.75836 0.669212
4.76239 0.670069
4.76901 0.671431
4.76985 0.671599
4.77644 0.67289
4.78006 0.673576
4.78123 0.673796
4.78896 0.675193
4.79002 0.675378
4.79492 0.676216
4.80436 0.677746
4.81375 0.679153
4.83422 0.681824
4.83699 0.682143
4.84656 0.683171
4.85201 0.683704
4.86207 0.684585
4.8779 0.685705
4.89166 0.686415
4.9082 0.686943
4.91819 0.687088
4.92014 0.687102
4.93346 0.687061
4.94452 0.686851
4.9464 0.686799
4.95117 0.686648
4.95329 0.686571
4.96308 0.686142
4.96999 0.685762
4.97553 0.685414
5.01518 0.681758
5.01646 0.681606
5.01733 0.681501
5.01895 0.681304
5.02985 0.679888
5.03386 0.679328
5.03674 0.678914
5.04544 0.677596
5.05722 0.675655
5.05804 0.675514
5.05869 0.675401
5.0703 0.673292
5.09652 0.66789
5.10587 0.66575
5.11918 0.662512
5.12305 0.661528
5.13168 0.659264
5.14384 0.655913
5.15143 0.653725
5.15364 0.653076
5.17159 0.647565
5.1842 0.643451
5.18454 0.643338
5.19059 0.64129
5.21785 0.631493
5.228 0.627608
5.25277 0.61759
5.25707 0.615775
5.26032 0.61439
5.26238 0.613503
5.26574 0.612046
5.2757 0.607646
5.28703 0.602494
5.29008 0.601081
5.30166 0.595611
5.31712 0.588058
5.32108 0.586075
5.34777 0.572228
5.35664 0.56744
5.3775 0.555817
5.38284 0.552756
5.38319 0.552555
5.40033 0.542507
5.40272 0.54108
5.40354 0.540589
5.41672 0.532578
5.42149 0.529631
5.42444 0.527798
5.43445 0.521491
5.45094 0.510862
5.45373 0.509037
5.45542 0.507923
5.47477 0.494963
5.48772 0.486055
5.53031 0.455476
5.53821 0.449588
5.5483 0.441965
5.55266 0.438645
5.56955 0.425575
5.59494 0.40538
5.60305 0.398781
5.61515 0.388826
5.62065 0.384255
5.62593 0.37983
5.6266 0.379267
5.63536 0.371864
5.7066 0.308919
5.7167 0.299615
5.71978 0.296754
5.73286 0.284519
5.73902 0.278706
5.74558 0.272475
5.74627 0.27182
5.75043 0.267845
5.75677 0.261761
5.78045 0.238727
5.78708 0.232199
5.78896 0.230337
5.79449 0.224851
5.79929 0.220067
5.80441 0.214941
5.81358 0.205705
5.81984 0.199368
5.83031 0.188686
5.83278 0.186154
5.85424 0.163955
5.8555 0.162642
5.86041 0.157503
5.86192 0.155917
5.87887 0.138029
5.8802 0.136618
5.89043 0.125706
5.89494 0.12087
5.91499 0.0991929
5.9195 0.0942759
5.93064 0.0820709
5.93348 0.0789444
5.94132 0.0702899
5.9548 0.0553142
5.99101 0.0144713
5.99291 0.012309
5.9961 0.00866321
6.00476 -0.00125261
6.00527 -0.00183328
6.01115 -0.00860025
6.01599 -0.0141807
6.02625 -0.0260579
6.04167 -0.0440241
6.04826 -0.0517522
6.04848 -0.0520017
6.05186 -0.0559809
6.08031 -0.0896401
6.08743 -0.0981303
6.09383 -0.105789
6.09932 -0.112377
6.09978 -0.112922
6.10511 -0.119331
6.11213 -0.127795
6.11683 -0.133471
6.12131 -0.138896
6.14203 -0.164094
6.15102 -0.175093
6.16217 -0.188776
6.17144 -0.200197
6.18874 -0.221602
6.18979 -0.222897
6.19013 -0.22333
6.19414 -0.228306
6.214 -0.253061
6.22704 -0.269389
6.22709 -0.269453
6.23437 -0.278602
6.24138 -0.287423
6.24301 -0.289477
6.2435 -0.290088
6.24471 -0.291616
6.25151 -0.3002
6.25428 -0.303694
6.26092 -0.312093
6.26229 -0.313826
6.26523 -0.317558
6.28769 -0.346084
6.31721 -0.383794
6.32142 -0.389178
6.32641 -0.39558
6.32679 -0.396072
6.33245 -0.403335
6.34109 -0.414433
6.36529 -0.445611
6.41342 -0.507886
6.43273 -0.532949
6.43462 -0.535408
6.43946 -0.541688
6.44036 -0.542859
6.45692 -0.56439
6.45855 -0.566509
6.47224 -0.58432
6.48511 -0.601066
6.48709 -0.603642
6.49448 -0.613257
6.52193 -0.648964
6.52888 -0.658012
6.54679 -0.681293
6.56619 -0.706499
6.56878 -0.709859
6.57676 -0.720207
6.60699 -0.759364
6.60821 -0.760943
6.61123 -0.764846
6.6274 -0.785721
6.64174 -0.804207
6.64488 -0.808251
6.64995 -0.814772
6.65164 -0.816943
6.65553 -0.821938
6.66656 -0.836094
6.67206 -0.843149
6.68375 -0.858107
6.68749 -0.86288
6.6914 -0.867869
6.69171 -0.868273
6.70772 -0.888674
6.70999 -0.891558
6.71269 -0.89499
6.71432 -0.897061
6.72281 -0.907829
6.7235 -0.908709
6.72498 -0.910579
6.72688 -0.912994
6.73688 -0.925646
6.74644 -0.937711
6.74828 -0.940029
6.74976 -0.941895
6.78489 -0.985927
6.81832 -1.0274
6.81887 -1.02807
6.82287 -1.033
6.82313 -1.03332
6.8249 -1.03551
6.82641 -1.03737
6.85218 -1.06894
6.88925 -1.11381
6.89844 -1.12484
6.89952 -1.12612
6.90868 -1.13706
6.91463 -1.14414
6.91656 -1.14643
6.92237 -1.15332
6.93284 -1.1657
6.97992 -1.22056
6.98242 -1.22343
6.99339 -1.23602
6.99868 -1.24205
7.00752 -1.2521
7.01946 -1.2656
7.02343 -1.27007
7.04833 -1.29785
7.06708 -1.31849
7.09498 -1.34874
7.10308 -1.35742
7.10591 -1.36044
7.10975 -1.36453
7.11194 -1.36685
7.1164 -1.37158
7.11727 -1.3725
7.12597 -1.38167
7.12791 -1.38371
7.12965 -1.38553
7.141 -1.39738
7.14926 -1.40594
7.15141 -1.40816
7.15996 -1.41694
7.16463 -1.42171
7.16487 -1.42196
7.16816 -1.42532
7.17547 -1.43274
7.17656 -1.43383
7.17949 -1.43679
7.18223 -1.43955
7.1836 -1.44093
7.19562 -1.45295
7.20201 -1.45929
7.21394 -1.47103
7.21822 -1.47522
7.25572 -1.5112
7.26254 -1.51761
7.28363 -1.53715
7.29035 -1.5433
7.30807 -1.5593
7.32314 -1.57268
7.32493 -1.57425
7.33763 -1.58533
7.34413 -1.59093
7.35582 -1.60092
7.35697 -1.6019
7.35984 -1.60432
7.36508 -1.60874
7.36889 -1.61192
7.36938 -1.61233
7.36971 -1.61262
7.37214 -1.61464
7.37242 -1.61487
7.38018 -1.62129
7.3867 -1.62665
7.39814 -1.63594
7.42547 -1.65758
7.44025 -1.66896
7.44067 -1.66928
7.44523 -1.67274
7.46507 -1.68755
7.48411 -1.70136
7.49238 -1.70724
7.49762 -1.71092
7.51459 -1.72265
7.51622 -1.72377
7.52919 -1.73249
7.54276 -1.74142
7.57517 -1.7619
7.5768 -1.7629
7.58634 -1.76868
7.58972 -1.7707
7.59354 -1.77297
7.61475 -1.78527
7.62139 -1.78901
7.63795 -1.79812
7.65193 -1.80556
7.66363 -1.8116
7.66426 -1.81192
7.67596 -1.81779
7.68588 -1.82264
7.68889 -1.82409
7.6917 -1.82543
7.69223 -1.82568
7.69373 -1.8264
7.70131 -1.82995
7.70783 -1.83295
7.71414 -1.83581
7.71618 -1.83672
7.72418 -1.84025
7.73321 -1.84414
7.76469 -1.85691
7.76473 -1.85692
7.78131 -1.86315
7.78373 -1.86403
7.78488 -1.86445
7.8013 -1.87021
7.80239 -1.87058
7.80982 -1.87306
7.8131 -1.87414
7.81888 -1.876
7.82188 -1.87695
7.83806 -1.88187
7.84475 -1.88381
7.84691 -1.88443
7.84908 -1.88504
7.85875 -1.88769
7.87947 -1.89296
7.89302 -1.89612
7.8946 -1.89647
7.90052 -1.89776
7.9022 -1.89812
7.90458 -1.89862
7.90839 -1.89941
7.91697 -1.90111
7.93008 -1.90353
7.95806 -1.90796
7.9732 -1.90994
7.99521 -1.91228
7.99853 -1.91258
8.00164 -1.91284
8.01038 -1.91352
8.01391 -1.91377
8.01476 -1.91383
8.01757 -1.91401
8.03492 -1.91491
8.04368 -1.91521
8.0691 -1.91553
8.08098 -1.91539
8.10433 -1.91458
8.12124 -1.91355
8.12592 -1.9132
8.14665 -1.91131
8.16353 -1.90936
8.1757 -1.90772
8.19906 -1.90404
8.21667 -1.9008
8.21913 -1.90031
8.22418 -1.8993
8.22676 -1.89876
8.2452 -1.8947
8.24867 -1.89389
8.26119 -1.89083
8.26853 -1.88894
8.27122 -1.88823
8.2941 -1.88183
8.31214 -1.87632
8.32883 -1.87085
8.3316 -1.86991
8.34628 -1.86476
8.35507 -1.86155
8.3592 -1.86001
8.36306 -1.85855
8.36576 -1.85751
8.37318 -1.85463
8.38554 -1.84967
8.38986 -1.84789
8.40339 -1.84218
8.41498 -1.8371
8.42769 -1.83135
8.42797 -1.83122
8.43538 -1.82777
8.44228 -1.8245
8.46988 -1.81084
8.48333 -1.80386
8.48743 -1.80169
8.48838 -1.80118
8.49127 -1.79963
8.49889 -1.79551
8.52477 -1.78099
8.53552 -1.77473
8.5444 -1.76945
8.54537 -1.76887
8.54703 -1.76787
8.5492 -1.76656
8.56757 -1.75526
8.57635 -1.74972
8.57904 -1.74801
8.57934 -1.74782
8.59393 -1.73837
8.61463 -1.72456
8.61696 -1.72298
8.61749 -1.72262
8.62679 -1.71623
8.64256 -1.70518
8.66404 -1.68969
8.67331 -1.68285
8.674 -1.68234
8.67751 -1.67973
8.67816 -1.67924
8.68359 -1.67516
8.694 -1.66726
8.69889 -1.66351
8.70615 -1.65789
8.71839 -1.6483
8.7377 -1.63285
8.74777 -1.62465
8.75533 -1.61842
8.76285 -1.61217
8.77432 -1.60252
8.77747 -1.59985
8.7798 -1.59787
8.78131 -1.59658
8.7855 -1.59299
8.78561 -1.5929
8.78722 -1.59152
8.78882 -1.59014
8.79227 -1.58717
8.80409 -1.57688
8.80691 -1.57442
8.81123 -1.57061
8.81135 -1.57051
8.83393 -1.55033
8.83739 -1.5472
8.84132 -1.54363
8.86782 -1.51917
8.86957 -1.51753
8.87762 -1.50996
8.8839 -1.50401
8.88907 -1.49909
8.90266 -1.48604
8.91618 -1.4729
8.92912 -1.46017
8.92932 -1.45998
8.96569 -1.42346
8.96947 -1.4196
8.99007 -1.39837
8.99209 -1.39627
8.99537 -1.39286
9.00265 -1.38525
9.00598 -1.38176
9.00637 -1.38134
9.02069 -1.36622
9.02091 -1.36598
9.039 -1.34664
9.05039 -1.33435
9.0537 -1.33076
9.05492 -1.32943
9.06036 -1.3235
9.06974 -1.31324
9.07191 -1.31085
9.07741 -1.30479
9.078 -1.30415
9.07974 -1.30223
9.08266 -1.299
9.08521 -1.29617
9.08539 -1.29597
9.09498 -1.28532
9.09576 -1.28444
9.09808 -1.28185
9.09947 -1.2803
9.10245 -1.27696
9.10583 -1.27318
9.11546 -1.26233
9.11937 -1.25792
9.12231 -1.25459
9.12493 -1.25162
9.12886 -1.24716
9.13109 -1.24462
9.13205 -1.24353
9.14154 -1.2327
9.15598 -1.2161
9.16217 -1.20895
9.16323 -1.20772
9.20232 -1.162
9.21848 -1.14286
9.22725 -1.1324
9.23047 -1.12857
9.24614 -1.10977
9.2532 -1.10126
9.26484 -1.08719
9.2741 -1.07594
9.28516 -1.06245
9.28962 -1.057
9.29025 -1.05623
9.30049 -1.04367
9.30419 -1.03913
9.30919 -1.03297
9.33254 -1.00409
9.333 -1.00352
9.34297 -0.991111
9.34724 -0.985792
9.34799 -0.984861
9.35939 -0.970611
9.36812 -0.959672
9.38464 -0.938907
9.41384 -0.901965
9.45582 -0.848453
9.4597 -0.843493
9.46262 -0.839751
9.46929 -0.831187
9.4782 -0.819753
9.48179 -0.815141
9.49205 -0.801937
9.50214 -0.788932
9.50234 -0.788669
9.50406 -0.786457
9.5062 -0.783692
9.52141 -0.764054
9.53186 -0.750541
9.55403 -0.721818
9.5629 -0.710301
9.57615 -0.693097
9.59471 -0.668983
9.59842 -0.664156
9.59976 -0.662412
9.60611 -0.654158
9.6356 -0.615789
9.63581 -0.615514
9.63782 -0.612894
9.66314 -0.57995
9.66519 -0.577287
9.68307 -0.554032
9.69404 -0.539782
9.70023 -0.53174
9.70207 -0.529342
9.70376 -0.527151
9.72264 -0.502656
9.75591 -0.459594
9.7657 -0.446947
9.76949 -0.442064
9.77037 -0.440928
9.78119 -0.426981
9.79675 -0.406963
9.81277 -0.386415
9.81823 -0.379412
9.82121 -0.375601
9.82169 -0.374997
9.82637 -0.36901
9.85179 -0.336606
9.8568 -0.330236
9.86205 -0.323575
9.8782 -0.303132
9.87841 -0.302864
9.87901 -0.302107
9.88617 -0.293072
9.89079 -0.287246
9.89824 -0.277864
9.90741 -0.266357
9.92406 -0.245528
9.93906 -0.226842
9.95497 -0.207133
9.98491 -0.170319
9.98802 -0.166517
