0.00411622 12.671
0.00672894 12.5914
0.00825201 12.5447
0.0112451 12.4521
0.0118257 12.434
0.0221408 12.1072
0.0286844 11.8942
0.0289912 11.8842
0.0340497 11.7166
0.0372129 11.6106
0.0717885 10.3972
0.0821323 10.0171
0.083311 9.97334
0.0857288 9.88336
0.0883235 9.78642
0.0918255 9.65497
0.124828 8.3879
0.126362 8.32799
0.153952 7.24141
0.157859 7.08663
0.161684 6.93502
0.161739 6.93285
0.165343 6.78993
0.165623 6.77883
0.183946 6.05301
0.196735 5.54877
0.197334 5.52523
0.199279 5.44886
0.200728 5.39202
0.20341 5.28697
0.207818 5.11474
0.215185 4.8283
0.229993 4.25876
0.240191 3.8724
0.247271 3.6074
0.250265 3.49623
0.253258 3.38565
0.255377 3.3077
0.258707 3.18577
0.260202 3.13128
0.261898 3.06965
0.262091 3.06265
0.271505 2.72439
0.275382 2.58699
0.283766 2.29399
0.286843 2.18788
0.307743 1.48974
0.311213 1.37785
0.314381 1.27678
0.32523 0.938537
0.327965 0.855262
0.328514 0.838647
0.341472 0.456423
0.343116 0.409301
0.344073 0.38204
0.344924 0.35787
0.34547 0.342424
0.350023 0.214972
0.350747 0.194915
0.360251 -0.0620311
0.364226 -0.166086
0.397561 -0.955219
0.397735 -0.958917
0.40056 -1.01855
0.403508 -1.07954
0.406335 -1.13683
0.412068 -1.24936
0.427043 -1.51985
0.452303 -1.89671
0.461985 -2.01394
0.484062 -2.2233
0.490489 -2.2689
0.501577 -2.33111
0.502635 -2.33596
0.50384 -2.34124
0.519906 -2.38796
0.522151 -2.39097
0.523793 -2.39262
0.542583 -2.37859
0.543763 -2.37569
0.546227 -2.36886
0.549683 -2.35753
0.563525 -2.29173
0.581335 -2.15928
0.582619 -2.14767
0.582702 -2.14691
0.584505 -2.13013
0.594389 -2.02847
0.59855 -1.98086
0.604358 -1.90965
0.61525 -1.76138
0.617786 -1.72411
0.623902 -1.63007
0.625121 -1.61062
0.626895 -1.58188
0.635028 -1.44392
0.652209 -1.11927
0.666472 -0.816548
0.66806 -0.78103
0.685069 -0.378625
0.687336 -0.322008
0.688684 -0.288028
0.688891 -0.282782
0.692676 -0.186002
0.692877 -0.180789
0.700018 0.00708156
0.702799 0.0820144
0.709135 0.256308
0.714091 0.396069
0.720963 0.59469
0.72324 0.661719
0.723359 0.665238
0.738286 1.11921
0.739535 1.15831
0.743498 1.28339
0.745236 1.33876
0.747911 1.42455
0.755364 1.6674
0.766707 2.0471
0.773343 2.27455
0.773561 2.28207
0.779223 2.4792
0.787468 2.7708
0.788971 2.82449
0.790346 2.87381
0.813366 3.71806
0.814463 3.75913
0.844289 4.89821
0.857307 5.40627
0.864183 5.67649
0.877198 6.19036
0.879118 6.26637
0.879533 6.28279
0.882264 6.39097
0.898197 7.02264
0.899641 7.07987
0.907542 7.39271
0.922163 7.96949
0.927265 8.16974
0.928123 8.20337
0.930932 8.31326
0.932053 8.35705
0.936723 8.53908
0.938311 8.6008
0.941923 8.74092
0.943489 8.8015
0.966871 9.69353
0.967824 9.72932
0.970396 9.82563
0.973695 9.94862
0.981716 10.2449
0.984465 10.3455
0.984833 10.3589
0.989999 10.5464
0.994768 10.7179
1.00549 11.0972
1.00834 11.1963
1.00879 11.2118
1.01779 11.5206
1.02623 11.8031
1.02867 11.884
1.03131 11.9703
1.03592 12.1196
1.03679 12.1476
1.03994 12.2482
1.05311 12.6575
1.05736 12.7854
1.06934 13.1353
1.07371 13.2587
1.08009 13.4347
1.0881 13.6484
1.08956 13.6865
1.10692 14.1176
1.11201 14.2361
1.13333 14.6931
1.13617 14.7489
1.13631 14.7516
1.1552 15.0915
1.15623 15.1085
1.16237 15.2061
1.1764 15.4067
1.18199 15.4778
1.20776 15.7389
1.20916 15.7499
1.2149 15.7917
1.21617 15.8001
1.21618 15.8002
1.21631 15.801
1.21664 15.8032
1.21807 15.8123
1.22082 15.8288
1.22415 15.8471
1.2338 15.8895
1.24209 15.9132
1.24251 15.9141
1.25735 15.926
1.26438 15.9184
1.28155 15.8644
1.29562 15.7826
1.29675 15.7746
1.31542 15.6111
1.32763 15.4728
1.33462 15.3827
1.33538 15.3725
1.33591 15.3652
1.33733 15.3456
1.34109 15.2923
1.34344 15.2577
1.34619 15.2162
1.35478 15.0789
1.35635 15.0526
1.36101 14.9721
1.36689 14.8659
1.36717 14.8607
1.36791 14.8468
1.36962 14.8147
1.37403 14.7297
1.40133 14.1403
1.40518 14.0488
1.41354 13.8431
1.4232 13.5936
1.43374 13.3081
1.44266 13.0555
1.46094 12.5094
1.46944 12.2432
1.49881 11.2679
1.50371 11.0977
1.50677 10.9903
1.51925 10.5454
1.52872 10.2001
1.53418 9.99856
1.53871 9.82978
1.54079 9.7519
1.54707 9.51554
1.55668 9.14966
1.55935 9.04715
1.56225 8.93575
1.57087 8.60224
1.57335 8.50565
1.57608 8.3995
1.58102 8.20623
1.59082 7.8212
1.59172 7.78604
1.59193 7.7777
1.5983 7.52603
1.61048 7.04399
1.61931 6.69411
1.63171 6.20254
1.63203 6.18989
1.646 5.63856
1.64816 5.55374
1.65501 5.2847
1.65644 5.22915
1.66656 4.83501
1.6691 4.73657
1.67278 4.59456
1.67571 4.48202
1.67941 4.34014
1.68026 4.30756
1.68049 4.29874
1.69141 3.88472
1.69403 3.78619
1.70665 3.31786
1.70732 3.29312
1.73194 2.41128
1.74495 1.96438
1.75367 1.6735
1.75392 1.66521
1.76677 1.25011
1.77234 1.0753
1.77726 0.923898
1.78857 0.585391
1.79998 0.259056
1.80029 0.250607
1.80368 0.156733
1.81868 -0.240969
1.8193 -0.256597
1.81976 -0.268518
1.8204 -0.284734
1.83054 -0.534397
1.83232 -0.576903
1.85598 -1.09839
1.8627 -1.23179
1.87286 -1.42036
1.8857 -1.63612
1.88855 -1.68059
1.90094 -1.85853
1.91469 -2.02688
1.91835 -2.06657
1.91892 -2.07253
1.92337 -2.11726
1.94471 -2.28583
1.94803 -2.3051
1.96112 -2.36297
1.96194 -2.36562
1.96641 -2.37805
1.96832 -2.38231
1.97047 -2.38637
1.97402 -2.39134
1.97816 -2.39438
1.98269 -2.39435
1.98357 -2.39394
1.98803 -2.38979
1.99217 -2.38289
1.99526 -2.37583
2.00298 -2.351
2.02073 -2.25543
2.02249 -2.24308
2.0273 -2.2065
2.03252 -2.16252
2.03484 -2.14146
2.03883 -2.1032
2.04414 -2.04816
2.04472 -2.0418
2.04499 -2.03888
2.05845 -1.87675
2.05955 -1.86214
2.05977 -1.85925
2.06132 -1.83828
2.06698 -1.75866
2.06884 -1.73143
2.07663 -1.61129
2.08045 -1.54878
2.08473 -1.47611
2.08976 -1.38713
2.11596 -0.861962
2.1177 -0.823575
2.12012 -0.769503
2.12067 -0.757145
2.12376 -0.686426
2.12766 -0.59554
2.13572 -0.400911
2.13608 -0.391942
2.13734 -0.360671
2.14204 -0.242045
2.14215 -0.239308
2.17331 0.618178
2.17389 0.635259
2.17948 0.801816
2.18066 0.837398
2.18204 0.879161
2.19308 1.22109
2.19467 1.27149
2.2026 1.52627
2.20273 1.53063
2.21624 1.9788
2.21706 2.00663
2.22623 2.32075
2.22656 2.33228
2.23802 2.73527
2.24762 3.08046
2.26042 3.55052
2.26698 3.79557
2.27044 3.92558
2.27344 4.03881
2.27832 4.22421
2.29011 4.67652
2.2904 4.6878
2.29805 4.98422
2.29939 5.03651
2.30441 5.23247
2.30944 5.42945
2.33718 6.52461
2.34087 6.67063
2.34835 6.96748
2.34998 7.03206
2.35185 7.10622
2.35296 7.15015
2.3537 7.17954
2.3598 7.42068
2.3732 7.94958
2.3877 8.51706
2.38871 8.55605
2.39859 8.93849
2.40234 9.08278
2.41479 9.55673
2.41737 9.65412
2.42381 9.89545
2.43005 10.1269
2.43088 10.1573
2.44106 10.529
2.4589 11.1621
2.46005 11.202
2.46791 11.4719
2.47146 11.5923
2.47402 11.6781
2.47416 11.6827
2.47781 11.8043
2.48244 11.9567
2.48573 12.0636
2.49373 12.3193
2.49481 12.3531
2.49573 12.3822
2.50846 12.7721
2.52476 13.245
2.52727 13.3147
2.52794 13.3334
2.53423 13.5048
2.53535 13.5349
2.54506 13.7882
2.55125 13.9433
2.55186 13.9582
2.55864 14.1217
2.56273 14.2172
2.56702 14.3149
2.56944 14.3688
2.57208 14.4266
2.58042 14.6031
2.58642 14.7235
2.58674 14.7297
2.59337 14.8564
2.59586 14.9023
2.60174 15.0067
2.60596 15.0785
2.60823 15.1159
2.61467 15.2177
2.61894 15.2816
2.62879 15.4177
2.63129 15.4498
2.63457 15.4903
2.64143 15.5694
2.64176 15.573
2.65317 15.6867
2.65453 15.6989
2.65704 15.7204
2.65788 15.7273
2.65838 15.7314
2.66016 15.7457
2.66587 15.7877
2.6668 15.794
2.67085 15.8199
2.67975 15.8669
2.68417 15.8852
2.6918 15.909
2.69339 15.9127
2.69348 15.9128
2.69427 15.9145
2.71441 15.9208
2.72033 15.9094
2.74526 15.7957
2.76024 15.6768
2.76865 15.5935
2.77253 15.5511
2.77475 15.5258
2.78076 15.4531
2.78464 15.4031
2.78682 15.3738
2.79785 15.2145
2.80637 15.0781
2.80737 15.0615
2.81436 14.94
2.84143 14.4006
2.84231 14.3812
2.84467 14.3287
2.8488 14.2353
2.85985 13.973
2.86161 13.9297
2.86769 13.7769
2.86907 13.7417
2.8704 13.7075
2.89738 12.9635
2.91763 12.3492
2.92263 12.1907
2.92479 12.1216
2.93776 11.696
2.94659 11.3973
2.96093 10.8982
2.96222 10.8524
2.9704 10.5598
2.97082 10.5446
2.97157 10.5174
2.97229 10.4913
2.97874 10.2563
2.98694 9.95346
3.00252 9.36732
3.00522 9.26467
3.01168 9.01722
3.02448 8.5222
3.04106 7.87277
3.05306 7.39924
3.0563 7.27085
3.06695 6.8489
3.07225 6.63859
3.07313 6.60396
3.07623 6.48096
3.08949 5.95629
3.0946 5.75456
3.09514 5.73331
3.10518 5.33896
3.10754 5.24657
3.1091 5.18538
3.12368 4.61956
3.12998 4.3774
3.13028 4.36584
3.14309 3.87968
3.14506 3.80558
3.15645 3.38221
3.19599 1.98154
3.20555 1.66238
3.20664 1.62663
3.2165 1.30788
3.22871 0.926879
3.2307 0.866278
3.23991 0.591665
3.24392 0.474967
3.24423 0.465981
3.24457 0.456325
3.25767 0.0900441
3.25974 0.0341904
3.26856 -0.198058
3.27546 -0.372675
3.27988 -0.481235
3.2805 -0.496414
3.28236 -0.540958
3.28533 -0.611334
3.29136 -0.750726
3.30062 -0.954445
3.30118 -0.966485
3.31141 -1.17634
3.31548 -1.25536
3.32153 -1.3685
3.32207 -1.37842
3.3227 -1.38974
3.32904 -1.50114
3.33528 -1.60482
3.33826 -1.652
3.33852 -1.65608
3.34032 -1.68388
3.34146 -1.70133
3.34396 -1.73867
3.34821 -1.79982
3.35116 -1.84055
3.35826 -1.93291
3.37014 -2.06908
3.37126 -2.08069
3.38344 -2.19373
3.39237 -2.26081
3.39274 -2.26331
3.4002 -2.30855
3.41605 -2.37319
3.41689 -2.3754
3.41867 -2.37972
3.41985 -2.38228
3.42102 -2.3846
3.4226 -2.38734
3.42442 -2.38997
3.42602 -2.39181
3.42993 -2.39447
3.43475 -2.39413
3.4445 -2.38125
3.4483 -2.37182
3.45826 -2.33539
3.46083 -2.32321
3.46099 -2.32242
3.46318 -2.31115
3.48722 -2.13369
3.49125 -2.09451
3.49558 -2.04936
3.50626 -1.92473
3.5069 -1.91667
3.50812 -1.90107
3.51318 -1.83402
3.5214 -1.71642
3.52901 -1.59773
3.53267 -1.5375
3.53311 -1.53015
3.53548 -1.48984
3.54102 -1.39235
3.5462 -1.29691
3.54671 -1.28729
3.56499 -0.916783
3.5732 -0.73472
3.57418 -0.712389
3.57673 -0.653501
3.58098 -0.553417
3.59421 -0.226143
3.60916 0.171171
3.62751 0.696636
3.62852 0.726706
3.63853 1.03067
3.65286 1.48453
3.65379 1.51462
3.65455 1.53935
3.65774 1.64393
3.6618 1.77811
3.66905 2.02169
3.67 2.05388
3.67529 2.23492
3.67834 2.34062
3.68209 2.47121
3.68381 2.5316
3.68499 2.57315
3.69174 2.8127
3.70186 3.17854
3.71055 3.49801
3.71953 3.83297
3.72303 3.96501
3.72736 4.12876
3.73099 4.26712
3.73525 4.42984
3.7406 4.63584
3.74952 4.9813
3.75416 5.16216
3.77161 5.84742
3.78346 6.31592
3.79968 6.95885
3.80759 7.27203
3.81711 7.64868
3.81808 7.68685
3.82173 7.8306
3.82346 7.89893
3.82389 7.91591
3.82493 7.9565
3.82942 8.13295
3.83346 8.29125
3.84338 8.67743
3.84495 8.73837
3.85551 9.14521
3.86677 9.57311
3.86836 9.63329
3.86939 9.6719
3.8741 9.84836
3.87431 9.85635
3.87515 9.88758
3.87584 9.91322
3.881 10.1047
3.88168 10.1296
3.88847 10.3786
3.894 10.5793
3.89476 10.6065
3.8974 10.7013
3.89891 10.7553
3.89906 10.7608
3.90174 10.856
3.90799 11.0763
3.90874 11.1023
3.91093 11.1787
3.92152 11.542
3.92757 11.7451
3.92904 11.794
3.93312 11.9282
3.9343 11.967
3.9366 12.0417
3.95901 12.7423
3.96902 13.0374
3.97102 13.0949
3.98685 13.5336
3.98934 13.5997
3.99202 13.6701
3.99551 13.7602
4.00535 14.0058
4.01422 14.2158
4.03931 14.7497
4.03989 14.761
4.07864 15.3953
4.08334 15.4562
4.08355 15.4587
4.09239 15.563
4.09807 15.6231
4.10998 15.7318
4.12712 15.8465
4.12873 15.8547
4.1422 15.906
4.15418 15.9256
4.15565 15.9263
4.15788 15.9266
4.16481 15.9223
4.16574 15.9211
4.1736 15.905
4.19504 15.8073
4.20456 15.7389
4.20673 15.7211
4.20838 15.7071
4.21183 15.6763
4.22236 15.5702
4.22951 15.4877
4.23541 15.4133
4.2375 15.3855
4.23887 15.367
4.24243 15.3174
4.24249 15.3165
4.2438 15.2978
4.24471 15.2846
4.25256 15.1652
4.26376 14.9781
4.27247 14.8193
4.29416 14.3745
4.29606 14.3323
4.30339 14.1647
4.31224 13.9523
4.3199 13.7601
4.32737 13.5652
4.32782 13.5532
4.32789 13.5512
4.33158 13.4522
4.33781 13.281
4.33825 13.2686
4.34098 13.192
4.35167 12.883
4.35446 12.8003
4.3547 12.7931
4.35888 12.6674
4.36349 12.5264
4.37749 12.0843
4.38435 11.8605
4.39224 11.5976
4.39512 11.5002
4.40506 11.1586
4.41324 10.8712
4.41436 10.8314
4.42006 10.6275
4.43217 10.1872
4.43337 10.1429
4.43428 10.1093
4.43597 10.0467
4.46522 8.9404
4.47717 8.47736
4.4839 8.21488
4.50709 7.3009
4.54535 5.78612
4.54555 5.77805
4.55536 5.39218
4.55734 5.31498
4.5669 4.94194
4.57297 4.70646
4.57839 4.49768
4.59105 4.01494
4.59782 3.76015
4.60452 3.51049
4.61011 3.30443
4.61051 3.28954
4.61164 3.2484
4.61279 3.2062
4.61652 3.07021
4.6296 2.60184
4.6319 2.52106
4.64 2.2389
4.64703 1.99866
4.64819 1.95966
4.66689 1.34484
4.68814 0.689275
4.69108 0.602508
4.70709 0.147987
4.71074 0.0488576
4.71265 -0.00245914
4.71613 -0.0946651
4.72307 -0.273914
4.73348 -0.530715
4.73827 -0.643973
4.74098 -0.70682
4.7424 -0.739205
4.74864 -0.878344
4.75014 -0.911001
4.75764 -1.06918
4.76504 -1.21707
4.76795 -1.27315
4.77112 -1.33251
4.77543 -1.41098
4.77643 -1.4288
4.77704 -1.43966
4.77944 -1.4815
4.78516 -1.57766
4.78717 -1.61027
4.79418 -1.71893
4.79603 -1.7464
4.79628 -1.74994
4.7977 -1.77052
4.80347 -1.85089
4.80502 -1.87165
4.81323 -1.97454
4.82778 -2.12988
4.83717 -2.21142
4.83853 -2.22199
4.84314 -2.25549
4.84406 -2.26177
4.84416 -2.26248
4.84573 -2.2728
4.85123 -2.3057
4.85689 -2.3342
4.85747 -2.33682
4.86385 -2.36175
4.8742 -2.38743
4.87633 -2.39043
4.87666 -2.39082
4.88402 -2.39478
4.88687 -2.39382
4.88744 -2.39346
4.8891 -2.3921
4.90682 -2.34808
4.91653 -2.30118
4.91901 -2.28665
4.91999 -2.28065
4.92016 -2.27955
4.94155 -2.1069
4.94341 -2.08831
4.95407 -1.97044
4.95625 -1.94404
4.9684 -1.78275
4.97078 -1.74843
4.98165 -1.58005
4.98782 -1.47611
4.99315 -1.38184
4.99406 -1.36525
4.99411 -1.36424
4.99536 -1.34127
4.99748 -1.30187
5.00678 -1.12067
5.03982 -0.375831
5.0488 -0.147496
5.05964 0.142085
5.06585 0.314542
5.06968 0.423003
5.0816 0.772487
5.08297 0.813679
5.08689 0.932529
5.10625 1.5445
5.11272 1.75732
5.11274 1.75774
5.11485 1.82826
5.13292 2.44606
5.13961 2.68167
5.14169 2.75569
5.14455 2.85812
5.14764 2.96925
5.15018 3.06134
5.15528 3.24686
5.15853 3.36619
5.16658 3.66461
5.18351 4.30431
5.20431 5.10747
5.20928 5.30193
5.22168 5.78881
5.24063 6.53876
5.25547 7.12705
5.27116 7.74728
5.2954 8.69596
5.30687 9.13774
5.30807 9.18391
5.31046 9.2751
5.32118 9.68095
5.32562 9.84736
5.33296 10.1198
5.34196 10.4493
5.34962 10.7255
5.35291 10.8427
5.35362 10.8677
5.35582 10.9456
5.36922 11.4111
5.37275 11.5311
5.37723 11.682
5.39971 12.4099
5.40915 12.6999
5.41325 12.8228
5.41369 12.8359
5.42082 13.0447
5.42126 13.0573
5.42222 13.0851
5.43007 13.3067
5.43384 13.4104
5.43411 13.4179
5.44088 13.5995
5.45191 13.8829
5.45756 14.0218
5.45759 14.0226
5.46358 14.1651
5.46583 14.2173
5.47018 14.3163
5.47166 14.3494
5.47665 14.4586
5.48329 14.5984
5.48833 14.7002
5.49593 14.8465
5.50418 14.9955
5.50774 15.0564
5.50812 15.0629
5.50894 15.0766
5.50949 15.0857
5.51056 15.1034
5.51396 15.1583
5.52467 15.3194
5.52503 15.3247
5.54072 15.5265
5.54409 15.5647
5.56068 15.7249
5.57803 15.8431
5.58265 15.866
5.58272 15.8663
5.58699 15.8841
5.58814 15.8884
5.58892 15.8912
5.59543 15.9102
5.59686 15.9135
5.5975 15.9148
5.59933 15.9182
5.60783 15.9265
5.60784 15.9265
5.60892 15.9266
5.61212 15.9259
5.6182 15.9198
5.62101 15.9148
5.6229 15.9106
5.62578 15.9032
5.62584 15.903
5.62775 15.8973
5.63483 15.8705
5.63862 15.8527
5.65739 15.7285
5.66406 15.67
5.66509 15.6603
5.67102 15.6012
5.67298 15.5803
5.68678 15.4156
5.69684 15.2761
5.70623 15.1313
5.71991 14.8956
5.72212 14.8549
5.73715 14.5582
5.74844 14.3137
5.74952 14.2892
5.76199 13.9964
5.7782 13.5842
5.77885 13.5671
5.78684 13.3508
5.7915 13.221
5.80346 12.876
5.80794 12.7423
5.81355 12.572
5.8136 12.5704
5.82093 12.3428
5.83582 11.8632
5.85178 11.3256
5.8518 11.3247
5.85226 11.3088
5.85462 11.2273
5.85529 11.2043
5.86536 10.8507
5.88193 10.2528
5.88507 10.1374
5.88738 10.052
5.88819 10.022
5.91164 9.13756
5.91419 9.03965
5.91431 9.03523
5.92234 8.7253
5.94808 7.71809
5.95295 7.52593
5.95544 7.42724
5.95589 7.40949
5.9605 7.2273
5.97306 6.72935
5.98046 6.43612
5.98398 6.29646
5.98657 6.19385
5.98691 6.18038
5.98805 6.13547
5.9922 5.97146
5.99414 5.89459
5.99595 5.82329
5.99871 5.71454
6.00489 5.47163
6.00854 5.32851
6.02821 4.5644
6.03206 4.41649
6.04265 4.0132
6.04267 4.01217
6.04608 3.88357
6.05147 3.68175
6.05682 3.4827
6.06312 3.25073
6.06389 3.22254
6.0654 3.16754
6.07568 2.79626
6.10445 1.80145
6.11032 1.60759
6.11681 1.39671
6.11867 1.33713
6.1262 1.09959
6.13057 0.964562
6.13653 0.783527
6.13804 0.738399
6.13844 0.726323
6.14574 0.51195
6.16324 0.0230781
6.16685 -0.0727483
6.19842 -0.839455
6.19997 -0.873492
6.2105 -1.09599
6.21186 -1.12352
6.22546 -1.38379
6.22701 -1.41165
6.24183 -1.65955
6.24789 -1.75097
6.24792 -1.75131
6.24931 -1.77143
6.25275 -1.81995
6.26272 -1.94982
6.26778 -2.00946
6.27191 -2.05511
6.27635 -2.10098
6.27775 -2.11477
