0.0117886 0.000380464
0.0122722 0.002877
0.0159292 0.00733309
0.0252516 0.00232767
0.0282111 0.00181922
0.0305244 4.03098e-05
0.0305756 0.0017273
0.0327721 0.015686
0.0527277 0.00283611
0.0563378 0.00960572
0.0685706 0.000184409
0.0688055 4.18728e-05
0.0688589 6.55108e-05
0.0689423 0.00114657
0.0704032 0.00160515
0.0724485 4.75353e-05
0.0725091 0.00141128
0.0743077 0.00339943
0.078641 0.00180945
0.0809482 0.0044158
0.0865804 0.0061785
0.0944656 0.0085553
0.105394 0.00154693
0.107371 0.00291485
0.111098 0.000333855
0.111525 0.00285311
0.115175 0.00372023
0.119936 0.00208833
0.12261 0.00284592
0.126256 0.00558225
0.133411 0.00406131
0.138621 0.000248074
0.138939 0.000626109
0.139743 0.00259393
0.143073 0.000533478
0.143758 0.00444015
0.149463 0.01951
0.17459 0.00330596
0.178858 0.00483103
0.185101 0.0096139
0.197548 0.015465
0.217636 1.70824e-05
0.217658 0.00414895
0.223062 0.015411
0.243194 0.00267064
0.246693 0.00204472
0.249374 0.000997511
0.250683 0.00263647
0.254143 0.00300655
0.258093 0.000136366
0.258273 0.00729723
0.267878 0.0104924
0.281734 0.00104926
0.283122 0.0021161
0.285925 0.0003226
0.286352 0.00711813
0.295796 0.0014603
0.297737 0.00619375
0.305982 0.00465093
0.312188 0.00753281
0.322265 0.00371717
0.32725 0.00126496
0.328948 0.00775921
0.339388 0.0102633
0.353256 0.0071069
0.362901 0.00347049
0.367623 0.000205849
0.367904 0.0040337
0.373404 8.34221e-05
0.373518 0.00786892
0.384283 0.0063938
0.393064 0.00432736
0.399026 0.00375603
0.404213 0.00207417
0.407082 0.000435657
0.407685 0.00545337
0.415247 0.00464847
0.421714 0.00477457
0.428375 0.00215216
0.431384 0.00213253
0.43437 0.0128825
0.452497 0.0116892
0.469084 0.00886416
0.481756 0.0083559
0.493778 0.00623852
0.502805 0.000683704
0.503797 0.0101737
0.518624 0.000132637
0.518818 0.000489584
0.519534 0.000337212
0.520028 0.00657427
0.529684 0.00134757
0.53167 0.00329732
0.536539 0.00371128
0.542036 4.01083e-05
0.542096 0.000307659
0.542552 0.0195214
0.571786 0.000908904
0.57316 0.00641905
0.582902 0.0112115
0.600068 0.00333552
0.605214 0.000970008
0.606714 0.00267276
0.610855 0.00380303
0.616768 0.00579424
0.625825 0.00128589
0.627843 0.00385659
0.633913 0.000727703
0.635062 0.00185366
0.637992 0.00461771
0.645318 0.00244762
0.649218 0.00572281
0.658381 0.012232
0.678189 0.00173284
0.681021 0.00606386
0.690981 0.000397563
0.691637 0.00394962
0.698173 0.000408206
0.69885 9.6231e-05
0.69901 0.000808045
0.700352 0.0117529
0.720054 0.000114429
0.720247 0.00100574
0.721949 0.00242572
0.726065 0.00118384
0.728078 0.00664727
0.739455 0.000807521
0.740845 0.00304612
0.746104 0.000974532
0.747792 0.000181635
0.748107 0.00241136
0.752297 0.00200541
0.755794 0.00671318
0.767584 0.00294146
0.772793 0.00354826
0.779111 0.00367391
0.785695 0.00308199
0.791252 0.00655809
0.803182 8.84643e-05
0.803344 9.15544e-05
0.803512 0.00529376
0.813254 0.00304836
0.818909 0.0028515
0.82423 0.00117757
0.826437 0.000362646
0.827118 0.000248051
0.827583 6.05611e-05
0.827697 0.00173205
0.830957 0.0140433
0.857831 0.0102632
0.878011 0.00966947
0.897484 0.000719695
0.898952 0.0103931
0.920467 0.00554481
0.932198 0.00412534
0.941048 0.00272874
0.94696 0.00124925
0.949684 0.00311524
0.95652 0.00190967
0.960744 0.00170549
0.964538 0.00279223
0.970795 0.00340609
0.978505 0.0010151
0.980821 0.0133928
1.01216 0.00278573
1.01887 0.00113694
1.02163 0.00525683
1.03457 0.000934561
1.0369 0.000433056
1.03798 0.00891387
1.06073 0.00266297
1.0677 0.00607695
1.08397 0.00304277
1.0923 0.000613175
1.09399 0.00129415
1.09759 0.000442318
1.09882 0.00111213
1.10194 0.00147562
1.10611 0.000824201
1.10845 0.00190862
1.11392 0.00439342
1.12675 7.83092e-05
1.12698 0.00431659
1.13993 6.4538e-05
1.14013 0.0025447
1.14794 0.00688717
1.16981 0.00175345
1.17556 0.000311347
1.17659 0.00104946
1.18007 0.00181395
1.18617 0.00305768
1.19667 0.00181932
1.20305 0.00803297
1.23258 0.000709101
1.23531 0.000278208
1.23638 0.000378262
1.23785 0.00042904
1.23952 8.78013e-05
1.23987 0.00184035
1.24714 0.0017792
1.25433 0.00637368
1.28149 0.00356936
1.29784 0.00215869
1.30821 0.000723433
1.31178 0.001084
1.31721 0.00172366
1.3261 0.00161624
1.33473 0.00284372
1.35071 0.002446
1.36544 0.0015777
1.37552 0.00349141
1.39989 0.000242201
1.40171 0.000251124
1.40362 0.000555812
1.40792 0.000824519
1.41451 0.000657177
1.41997 2.90106e-05
1.42022 0.000695445
1.42623 0.00106804
1.43598 0.00185678
1.45485 0.000591555
1.46154 7.52394e-05
1.46242 0.0013366
1.47947 0.000521946
1.48705 9.45639e-06
1.4872 0.000647094
1.49771 1.36494e-05
1.49795 0.000469207
1.50666 0.000139722
1.50949 0.000221064
1.51426 0.000113399
1.51687 6.15309e-05
1.51835 9.28985e-05
1.52065 0.000349647
1.53048 0.00013269
1.5349 0.000120646
1.53947 0.000132512
1.54541 0.000207715
1.5816 -0.0001406
1.59257 -1.13284e-05
1.59322 -1.74112e-05
1.59419 -0.000279384
1.60626 -2.36129e-05
1.60709 -0.000311276
1.61672 -0.000204717
1.62208 -0.00126588
1.64728 -0.000793065
1.6595 -0.000575086
1.6674 -0.000170198
1.66962 -0.000132831
1.67131 -0.000333939
1.67546 -0.000740283
1.68411 -1.03208e-06
1.68412 -0.000411956
1.68866 -4.92055e-05
1.68919 -0.000159955
1.6909 -0.00266453
1.71646 -0.000315683
1.7192 -0.000402773
1.72262 -0.000602374
1.7276 -0.00274048
1.74852 -0.00143155
1.75854 -0.000251544
1.76024 -0.000710861
1.76498 -0.000906105
1.77086 -0.000849546
1.77622 -0.000238998
1.77771 -0.00145603
1.78653 -0.00343676
1.80607 -0.00114602
1.81224 -7.29194e-05
1.81262 -0.000281847
1.81412 -7.80958e-05
1.81453 -5.97014e-05
1.81484 -0.000826249
1.81915 -0.00188534
1.82872 -0.000325377
1.83033 -0.0009742
1.83512 -0.00242694
1.84668 -0.00410258
1.86521 -0.00230222
1.87514 -0.00181533
1.88274 -0.00267915
1.89365 -0.003305
1.90664 -0.00355479
1.92009 -0.00029246
1.92118 -0.000749944
1.92394 -0.0027756
1.93401 -0.00220292
1.94181 -0.00119657
1.94598 -0.000308035
1.94705 -0.000100876
1.9474 -7.27402e-05
1.94765 -0.00222476
1.95526 -0.000294088
1.95625 -0.00290634
1.96596 -0.000880668
1.96886 -0.000242646
1.96965 -0.00373841
1.98172 -0.000347164
1.98282 -0.000293609
1.98375 -0.00254174
1.99173 -0.00171062
1.99702 -0.0020586
2.0033 -0.00164011
2.00825 -0.0027843
2.01653 -0.00419623
2.02875 -0.000771855
2.03096 -0.0016149
2.03556 -0.000126421
2.03592 -0.00213519
2.04193 -0.000689765
2.04386 -0.00594336
2.06018 -0.000889617
2.06258 -0.00930161
2.08706 -0.000980443
2.08958 -0.00379531
2.09923 -0.00415098
2.1096 -0.00119424
2.11255 -0.0014389
2.11609 -0.000353413
2.11695 -0.00141784
2.12041 -0.017572
2.16178 -0.00348335
2.16968 -0.00139937
2.17283 -0.00392294
2.18158 -0.00491934
2.1924 -0.00137633
2.1954 -0.000223329
2.19588 -0.000557353
2.19709 -0.00414249
2.20602 -0.00526843
2.21722 -0.00157726
2.22054 -0.00808706
2.23734 -0.00732336
2.25226 -0.00503353
2.26235 -0.00497359
2.27221 -0.0034804
2.27903 -0.000825674
2.28065 -0.00407226
2.28855 -0.0092486
2.30625 -0.00131689
2.30874 -0.00166306
2.31187 -0.00176768
2.3152 -0.00472832
2.32402 -0.00154369
2.32689 -0.000937513
2.32862 -0.00791882
2.34315 -0.00105024
2.34507 -0.00181237
2.34835 -0.00348123
2.35464 -0.00540956
2.36433 -0.00215643
2.36817 -0.00252871
2.37265 -0.00259396
2.37723 -0.00368121
2.38369 -0.00219134
2.38752 -0.00839716
2.40206 -0.00181371
2.40518 -8.86531e-05
2.40533 -0.00179912
2.40841 -0.00143809
2.41087 -0.00179401
2.41393 -0.00287549
2.41881 -0.000588325
2.41981 -0.00161071
2.42253 -0.000425679
2.42325 -0.00370048
2.42948 -0.00637818
2.44014 -0.000830952
2.44152 -0.00318418
2.4468 -0.000544592
2.4477 -0.000991948
2.44934 -0.00016612
2.44962 -0.00158977
2.45224 -0.000610597
2.45324 -0.00598529
2.46306 -0.00171621
2.46585 -0.00956664
2.48134 -0.00442978
2.48845 -2.9003e-05
2.4885 -0.000364639
2.48908 -0.00250078
2.49308 -0.00974585
2.50853 -0.00492509
2.51627 -0.00862036
2.52972 -0.000986984
2.53125 -0.00113647
2.53301 -0.000163137
2.53326 -0.00050449
2.53405 -0.00722069
2.54518 -0.000626636
2.54614 -0.00357925
2.55163 -0.00918993
2.56562 -0.00282927
2.5699 -0.000183325
2.57018 -0.00176058
2.57284 -0.00585746
2.58165 -0.00989294
2.59642 -0.00197125
2.59935 -0.00218544
2.60259 -0.00485034
2.60976 -0.00226684
2.61309 -0.000402093
2.61369 -0.00625341
2.62286 -0.000238946
2.62321 -0.000186716
2.62349 -0.016168
2.64698 -0.00927031
2.66032 -0.012922
2.67876 -0.0016972
2.68117 -0.00275868
2.68508 -0.00256851
2.68872 -0.000796468
2.68984 -0.00548727
2.69758 -0.00289213
2.70165 -0.00421317
2.70756 -0.00022377
2.70787 -0.000829936
2.70903 -0.00153617
2.71118 -0.00354104
2.71613 -0.000421755
2.71672 -0.000412307
2.71729 -0.00304653
2.72154 -0.00169819
2.7239 -0.000493154
2.72459 -0.0053853
2.73206 -0.000136476
2.73225 -0.000474557
2.73291 -0.0215562
2.76258 -0.00110027
2.76408 -0.0017069
2.76641 -0.000370587
2.76692 -0.0134334
2.7852 -0.000259377
2.78555 -0.0195914
2.81199 -0.00123514
2.81365 -0.00479284
2.82008 -0.00573288
2.82775 -0.00870201
2.83936 -0.011302
2.85437 -0.00104792
2.85576 -0.00142365
2.85764 -0.00308385
2.86172 -0.00186042
2.86418 -0.00175523
2.8665 -0.00817043
2.87728 -0.00124259
2.87891 -0.00016572
2.87913 -0.00467808
2.88528 -0.0125895
2.90179 -0.00205022
2.90447 -0.00913536
2.9164 -0.00243246
2.91957 -0.0053687
2.92656 -0.000432235
2.92712 -0.00617969
2.93515 -0.000636143
2.93598 -0.000454023
2.93657 -0.00762411
2.94646 -0.00396953
2.9516 -0.00442784
2.95733 -0.000749367
2.95829 -0.00299984
2.96217 -0.00130074
2.96385 -0.000485771
2.96448 -0.000348515
2.96493 -0.00203427
2.96755 -0.0148691
2.98671 -0.000470883
2.98732 -0.00720872
2.99658 -0.000177537
2.99681 -0.0123825
3.0127 -0.000594048
3.01346 -0.00196742
3.01598 -0.00325732
3.02015 -0.00210519
3.02285 -0.00340305
3.0272 -0.008434
3.03799 -0.00179238
3.04028 -0.00624733
3.04825 -0.0111408
3.06247 -0.00242635
3.06556 -0.00243833
3.06867 -0.00130528
3.07033 -0.00400227
3.07543 -0.00635947
3.08353 -0.00368741
3.08822 -0.000329763
3.08864 -0.00252247
3.09185 -0.00161622
3.09391 -0.00179222
3.09619 -0.00568672
3.10342 -0.00163453
3.1055 -0.00154771
3.10747 -0.00253411
3.11069 -0.00235632
3.11369 -0.0126177
3.12973 -0.0143738
3.148 -0.00839403
3.15867 -0.00108933
3.16005 -0.012447
3.17588 -0.000232071
3.17617 -0.0108934
3.19003 -9.17461e-05
3.19015 -0.012591
3.20618 -0.0139905
3.22401 -0.0112823
3.23841 -0.000217671
3.23868 -0.00138389
3.24045 -0.00560651
3.24761 -0.00207098
3.25026 -0.000261103
3.2506 -0.00367988
3.2553 -0.00560947
3.26248 -0.00547925
3.2695 -0.00144236
3.27135 -0.00180793
3.27367 -0.00161681
3.27574 -0.00131153
3.27742 -0.000255668
3.27775 -0.00949928
3.28995 -0.00544792
3.29695 -0.00283865
3.3006 -0.00157691
3.30263 -0.00636594
3.31084 -0.00693899
3.31979 -0.00715452
3.32904 -0.00876433
3.34039 -0.0137745
3.35828 -0.0120146
3.37395 -0.00131923
3.37567 -0.0121572
3.39159 -0.00700573
3.40079 -0.00671096
3.40962 -0.00804417
3.42024 -0.00189608
3.42275 -0.00285528
3.42653 -0.000889757
3.42771 -0.00566333
3.43522 -0.00231265
3.43829 -0.0115961
3.45374 -0.00782503
3.46421 -0.00347352
3.46887 -0.00238409
3.47207 -0.00115717
3.47362 -0.00549083
3.48101 -0.00382254
3.48617 -0.00572928
3.49392 -0.000809572
3.49502 -0.0130757
3.51279 -0.0007498
3.51381 -0.0023857
3.51707 -0.00189346
3.51966 -0.00948523
3.53266 -0.000379178
3.53318 -0.000340743
3.53365 -0.000531024
3.53438 -0.0139455
3.55365 -0.00302937
3.55785 -0.00342855
3.56262 -0.00693224
3.5723 -0.00707172
3.58221 -0.0014764
3.58429 -0.00211079
3.58726 -0.00984205
3.60117 -0.00511069
3.60843 -0.000159949
3.60866 -0.000708745
3.60967 -0.0153355
3.63163 -0.000247035
3.63199 -0.0096665
3.64597 -0.00231738
3.64933 -0.00590559
3.65794 -0.00272573
3.66193 -0.00185045
3.66465 -0.00207521
3.66769 -0.00380311
3.67329 -0.00162015
3.67568 -0.0117047
3.69306 -0.00295846
3.69748 -0.00696918
3.70794 -6.24131e-05
3.70803 -0.00251449
3.71183 -0.00387796
3.71769 -1.8783e-05
3.71772 -0.00801946
3.72992 -0.00136798
3.73201 -0.00473905
3.73928 -0.00743681
3.75076 -0.00251683
3.75467 -0.00414031
3.76112 -0.0074316
3.77277 -0.00332866
3.77802 -0.0046289
3.78535 -0.0101152
3.80153 -0.0120106
3.821 -0.000829472
3.82235 -0.00637331
3.83282 -0.0024698
3.8369 -0.00520878
3.84556 -0.000426318
3.84627 -0.00540903
3.85533 -0.000511612
3.85619 -0.00104462
3.85795 -0.00636444
3.86872 -0.00090123
3.87026 -0.00403596
3.87715 -0.000795453
3.87852 -0.00164431
3.88134 -0.00176301
3.88438 -0.00282552
3.88927 -0.00252898
3.89366 -0.00361902
3.89998 -0.000911464
3.90158 -0.00145439
3.90413 -0.00106802
3.90601 -0.000339996
3.90661 -5.04154e-06
3.90662 -0.000508184
3.90751 -0.00287902
3.9126 -0.00132294
3.91495 -0.00712751
3.92769 -0.00537719
3.93741 -0.00174159
3.94058 -0.000991973
3.94239 -0.000261456
3.94286 -0.0119263
3.9649 -0.00036689
3.96559 -0.00201216
3.96936 -0.00010498
3.96956 -0.00667048
3.98218 -0.00274104
3.98742 -0.00193311
3.99113 -0.00153347
3.99409 -0.00473425
4.00328 -0.00101427
4.00526 -0.000114524
4.00548 -0.00373088
4.01282 -0.000197521
4.01321 -0.0126806
4.03864 -0.00552808
4.04998 -0.00162266
4.05334 -0.00113089
4.05569 -0.000619992
4.05698 -0.00381537
4.06498 -0.00334398
4.07206 -0.000676339
4.0735 -0.0015954
4.07691 -0.000254118
4.07745 -0.00638811
4.09127 -0.00231402
4.09634 -0.00159828
4.09987 -0.00200853
4.10432 -0.00196793
4.10872 -0.000679964
4.11024 -0.00254361
4.11597 -0.00137658
4.11909 -0.0023625
4.12449 -0.00825573
4.14368 -0.00225574
4.14903 -0.000185637
4.14947 -0.00197824
4.1542 -0.0017636
4.15845 -0.00533086
4.17146 -0.000958827
4.17384 -0.00444064
4.18494 -0.0021791
4.19047 -0.000171029
4.19091 -0.0017672
4.19544 -0.000161154
4.19585 -0.00127292
4.19914 -0.00606168
4.21505 -0.00199812
4.2204 -0.00163952
4.22483 -0.000685914
4.2267 -0.00270656
4.23412 -0.00108657
4.23713 -0.00115863
4.24035 -0.00234609
4.24696 -0.00386647
4.25803 -0.00405361
4.26991 -0.00613062
4.28847 -0.000240122
4.28922 -0.00171962
4.29457 -0.000842996
4.29722 -0.00160519
4.30231 -0.00345454
4.31346 -0.000860495
4.31629 -0.00277929
4.32555 -0.00157005
4.33087 -0.000938679
4.33409 -4.89981e-05
4.33426 -0.000314049
4.33534 -0.00227588
4.34328 -0.00212997
4.35085 -0.00156489
4.35652 -0.00496956
4.37511 -0.00249612
4.38484 -0.000654696
4.38743 -0.00226171
4.39656 -0.000633068
4.39916 -0.000493971
4.40121 -0.000640602
4.40388 -0.00239971
4.41408 -0.00108867
4.41883 -3.72474e-05
4.41899 -0.00524108
4.44298 -0.00145887
4.45004 -0.00121041
4.45604 -0.00535982
4.48445 -0.00032965
4.48631 -0.00101871
4.49216 -0.000610696
4.49574 -0.00051146
4.49879 -0.000974099
4.50471 -0.00202024
4.51755 -0.00049183
4.52081 -0.000377073
4.52334 -0.00149237
4.53372 -7.3078e-06
4.53377 -0.000402601
4.53667 -0.000742067
4.54215 -0.00167456
4.55521 -0.00105748
4.56404 -0.00209369
4.58329 -0.000806861
4.59152 -0.00020239
4.59367 -0.00201385
4.6177 -0.000493729
4.62459 -0.00110638
4.64244 -0.000102842
4.64433 -7.19991e-05
4.64569 -0.00038842
4.65356 -0.000854892
4.67652 -0.000186851
4.6839 -6.12896e-05
4.68679 -2.6914e-05
4.68816 -9.5129e-05
4.69381 -8.58268e-05
4.70112 -1.28282e-05
4.70267 -8.50313e-07
4.70278 -3.43217e-05
4.71014 -1.83365e-06
4.71175 8.05154e-07
4.71396 2.11333e-05
4.71988 1.6729e-05
4.72232 5.59133e-08
4.72233 4.40366e-05
4.72691 3.34962e-05
4.72959 3.12629e-05
4.73176 8.43701e-06
4.73231 0.000178379
4.74155 0.00058719
4.7608 0.000380379
4.76993 0.000173629
4.77365 0.00129128
4.79628 0.000632264
4.80538 2.67624e-07
4.80538 0.000382039
4.81047 0.000466634
4.81635 0.0010768
4.8288 0.000491837
4.83406 0.00110283
4.84511 0.000388566
4.84879 0.000196001
4.85061 0.00189025
4.86708 0.000884152
4.87421 0.000407561
4.87739 0.00111881
4.88584 0.000306225
4.88808 0.00129103
4.89723 0.00149963
4.90733 8.91404e-05
4.90791 0.000192561
4.90917 0.000325199
4.91127 0.00416218
4.93647 0.00128376
4.9437 0.00133605
4.95099 2.76549e-05
4.95114 0.00426463
4.97308 0.000119972
4.97367 0.00105898
4.97883 0.0015817
4.98636 0.00111303
4.99154 0.00192851
5.0003 0.00143291
5.00665 0.00602811
5.03201 0.0021696
5.04067 0.00101244
5.04464 0.00205786
5.05257 2.08992e-05
5.05265 0.000548968
5.05473 0.000450444
5.05643 0.000637287
5.05883 0.00246497
5.06794 0.00278746
5.07798 3.83282e-05
5.07812 0.000696422
5.08058 5.21263e-05
5.08077 0.00187093
5.08732 0.00754
5.11267 0.000721435
5.11502 0.000726343
5.11737 0.00236904
5.12494 0.000759572
5.12734 0.000697361
5.12954 0.000190329
5.13013 0.000237176
5.13088 0.000408068
5.13215 0.00109833
5.13556 0.00253047
5.14333 0.00523725
5.159 0.00486545
5.17311 0.00241041
5.17995 0.000477146
5.18129 0.00253375
5.18837 0.00464939
5.20111 0.00578916
5.21656 0.00501245
5.22959 0.00237447
5.23566 0.000165258
5.23608 0.0018568
5.24079 0.00214499
5.24617 0.00120807
5.24918 0.0024494
5.25524 0.0121384
5.2844 0.000820706
5.28632 0.0031854
5.29374 0.000867964
5.29574 0.00532921
5.30793 0.00482758
5.31878 0.00203426
5.3233 0.00208086
5.3279 0.00137943
5.33093 0.00477906
5.34133 0.00438818
5.35075 0.00288163
5.35687 0.00150443
5.36005 0.00223577
5.36474 0.000291327
5.36535 0.00162863
5.36875 0.000861095
5.37054 0.0014106
5.37347 0.000494415
5.37449 1.72263e-05
5.37453 0.000487509
5.37553 0.000771592
5.37712 0.00928105
5.39602 0.0114448
5.41874 0.000791081
5.42028 0.00222848
5.42463 0.000613367
5.42582 0.00121474
5.42818 0.000539576
5.42922 0.0022817
5.43362 0.00447859
5.4422 0.00438405
5.45052 0.0101151
5.46943 0.00361566
5.4761 0.000479532
5.47698 0.000979362
5.47878 0.00251227
5.48337 0.000400709
5.4841 0.00378694
5.49098 0.00485733
5.49973 0.00363466
5.50623 0.00433149
5.51392 0.0102179
5.53185 0.000205222
5.5322 0.00021083
5.53257 0.000151642
5.53283 0.00365251
5.53916 0.000527534
5.54007 0.0134878
5.56311 0.00124648
5.56522 0.000427948
5.56594 0.00682487
5.57739 0.0156284
5.60321 0.00181094
5.60617 0.000494757
5.60697 2.67147e-05
5.60702 0.0030694
5.61201 0.00116973
5.6139 0.00193205
5.61703 0.00123187
5.61902 0.00466793
5.62653 0.00162532
5.62914 0.00335261
5.6345 0.000813784
5.6358 0.00239323
5.6396 0.000775279
5.64083 0.00395676
5.6471 0.00188213
5.65007 0.0107065
5.66685 0.00473526
5.6742 0.00107341
5.67587 0.0226387
5.7105 0.00114767
5.71223 0.00124705
5.71411 0.00586844
5.72294 0.00706894
5.73351 0.000183154
5.73379 0.000511813
5.73455 0.00846696
5.74711 0.00373963
5.75263 0.0010761
5.75422 0.0148422
5.77593 0.000808722
5.77711 0.0103034
5.79202 0.00640528
5.80123 0.0140959
5.82135 0.0113729
5.83743 0.000613696
5.83829 0.00404336
5.84398 0.000834218
5.84515 0.00623576
5.85388 0.0082837
5.86543 0.00481867
5.87212 0.00106754
5.8736 0.0093222
5.88648 0.00396454
5.89194 0.00124326
5.89365 0.00446878
5.89978 8.12316e-06
5.89979 0.00326928
5.90427 0.00148685
5.9063 0.00118856
5.90793 0.00256689
5.91143 0.000304396
5.91185 0.00457282
5.91808 0.000977688
5.91941 0.00158111
5.92156 0.000108388
5.9217 0.000374835
5.92221 0.00519498
5.92926 0.000910258
5.93049 0.00279397
5.93428 0.00212818
5.93715 0.011307
5.95239 0.0010047
5.95374 0.00284656
5.95756 0.00972308
5.97057 0.00477454
5.97695 0.000561901
5.97769 0.00250985
5.98104 0.00324154
5.98535 0.00170447
5.98762 0.00164687
5.9898 0.00637382
5.99825 0.00681169
6.00726 0.00116694
6.00881 0.00433132
6.01452 0.00327558
6.01884 0.000436793
6.01941 0.0091233
6.0314 0.00206075
6.03411 0.000525346
6.0348 0.000137833
6.03498 0.00941089
6.0473 0.0107622
6.06134 0.00768027
6.07134 0.0141967
6.08976 0.00144412
6.09163 0.01769
6.11448 5.30863e-05
6.11455 0.00150582
6.11649 0.0017439
6.11874 0.00192329
6.12122 0.00789624
6.13138 0.00293223
6.13515 0.00362855
6.13981 0.00493946
6.14615 0.00208253
6.14882 0.00317614
6.15289 0.000298382
6.15328 0.0123035
6.16903 0.00703878
6.17803 0.00977644
6.19052 0.00318751
6.19459 0.000628246
6.19539 0.000634617
6.1962 0.00116707
6.19769 0.000114301
6.19783 0.00518117
6.20444 0.000769365
6.20542 0.00232377
6.20838 0.00398792
6.21346 0.00651422
6.22176 0.0119162
6.23693 0.00883353
6.24817 0.000888251
6.2493 0.00253251
6.25252 0.00524489
6.25919 0.000528125
6.25986 0.0118047
6.27486 0.000336239
6.27529 0.000449398
6.27586 0.00231941
